x_y,segment,det,classify,det,xmin,ymin,xmax,ymax
33400_9655,ASCUS,0.671486,ASCUS,0.46544474,139.128830,407.927460,302.559814,530.745300
20024_12695,ASCUS,0.059844,ASCUS,0.99994636,224.176865,4.043350,346.803223,118.007126
36440_10871,ASCUS,0.449525,ASCUS,0.980124,1.000000,106.585739,90.789536,271.788513
36440_10871,ASCUS,0.061978,ASCUS,0.9987112,252.541870,286.026459,335.278137,444.148773
22456_10263,ASCUS,0.373528,ASCUS,0.95484865,216.909241,155.009125,401.324463,270.965790
22456_10263,ASCUS,0.228498,ASCUS,0.8755117,211.950836,240.113647,406.849640,362.655396
21240_22423,ASCUS,0.172484,ASCUS,0.99990416,16.351585,157.246490,217.318207,283.973114
21240_22423,ASCUS,0.029510,LSIL,0.8367192,316.489441,145.027237,509.624390,265.640991
43736_48567,ASCUS,0.155381,ASCUS,0.5914441,157.282990,83.776749,283.186432,213.886154
28536_40055,ASCUS,0.904100,ASCUS,0.67450887,306.362061,305.841003,606.637146,445.295532
22456_40663,ASCUS,0.074259,ASCUS,0.9992224,423.970978,456.263000,561.975403,608.000000
32184_46743,ASCUS,0.281140,ASCUS,0.97279966,92.362434,5.676731,236.864319,97.088257
33400_5399,ASCUS,0.054724,ASCUS,0.97791106,248.593719,181.944534,419.150421,322.518616
21848_43703,ASCUS,0.609035,ASCUS,0.8124596,1.000000,119.736801,384.529114,495.624390
21848_43703,ASCUS,0.105927,ASCUS,0.9988329,437.858185,8.414017,608.000000,298.740051
44952_26071,ASCUS,0.985468,ASCUS,0.9929542,426.149811,343.025391,559.374512,514.714478
11512_40663,ASCUS,0.942210,ASCUS,0.8792141,301.278656,405.752563,476.264374,597.457947
11512_40663,ASCUS,0.255428,ASCUS,0.9877154,193.441589,462.361511,359.663208,604.340149
23064_37015,ASCUS,0.161624,ASCUS,0.9997143,217.358994,424.509735,352.481323,549.203247
25496_26071,ASCUS,0.024029,ASCUS,0.7454492,315.663452,228.952652,502.592163,498.876892
25496_47351,ASCUS,0.128852,ASCUS,0.99724126,264.539551,10.103424,434.156921,143.656784
25496_47351,ASCUS,0.092004,ASCUS,0.9959323,45.583405,279.302856,267.986298,372.593994
32792_30935,ASCUS,0.272497,ASCUS,0.967878,520.717468,7.644424,607.774841,146.962112
35224_45527,ASCUS,0.500207,ASCUS,0.9999639,7.687263,134.118423,97.875771,182.945511
35224_45527,ASCUS,0.994265,ASCUS,0.99999225,318.177063,34.629822,507.370300,214.822861
17592_44311,ASCUS,0.615044,ASCUS,0.5647204,292.438721,168.968994,437.162476,257.008850
46168_29719,ASCUS,0.925950,ASCUS,0.9349667,185.368103,369.658325,466.282166,571.295471
35832_48567,ASCUS,0.711812,ASCUS,0.999652,35.878441,78.203430,207.075104,388.840759
24888_40663,ASCUS,0.657274,ASCUS,0.9978042,88.966545,28.655895,242.339264,137.391541
24888_40663,ASCUS,0.427145,ASCUS,0.9925775,1.000000,261.955200,180.480804,403.930054
16984_23639,ASCUS,0.641675,ASCUS,0.99104416,111.770035,19.992363,351.640198,257.540192
24280_18775,ASCUS,0.545431,ASCUS,0.99863976,3.203186,173.081039,214.889725,253.793137
24280_18775,ASCUS,0.451481,ASCUS,0.9959099,54.650887,313.047333,195.078857,434.487579
24280_18775,ASCUS,0.080539,ASCUS,0.84706503,361.295319,496.176453,495.979034,605.119690
38872_14519,ASCUS,0.292397,ASCUS,0.99478626,235.005249,477.008514,352.080627,573.308899
38872_14519,ASCUS,0.879881,ASCUS,0.86427176,425.490295,246.437744,608.000000,403.442627
38872_14519,ASCUS,0.076988,ASCUS,0.9958482,336.666687,316.304535,456.915283,446.199554
49816_33367,ASCUS,0.281306,ASCUS,0.70798373,270.788269,535.729736,522.382507,608.000000
52248_35799,ASCUS,0.894159,ASCUS,0.95274293,174.437225,150.856781,316.609650,449.364105
52248_35799,ASCUS,0.110827,ASCUS,0.9915377,69.966293,117.284996,194.185959,261.783936
21848_6007,ASCUS,0.075735,ASCUS,0.84541136,275.639832,299.419128,372.543640,425.434692
32792_38839,ASCUS,0.914288,ASCUS,0.9540948,238.512177,95.893311,381.711456,284.532043
45560_18775,ASCUS,0.940514,ASCUS,0.99986804,177.505768,472.719360,310.298462,596.189453
48600_35191,ASCUS,0.994405,ASCUS,0.99965405,173.824341,184.176086,346.756470,353.627441
18808_7223,ASCUS,0.944257,ASCUS,0.9581375,160.518417,53.812096,296.924072,274.620056
16984_34583,ASCUS,0.061459,ASCUS,0.83531463,499.265717,177.641022,597.322754,314.071167
20632_52215,ASCUS,0.854574,ASCUS,0.5359918,116.114372,294.932251,279.753357,451.224060
24888_15735,ASCUS,0.795341,ASCUS,0.99517375,1.000000,173.959183,170.177643,316.367310
15160_39447,ASCUS,0.919758,ASCUS,0.99999285,1.000000,109.745255,428.351562,496.384216
15160_39447,ASCUS,0.627831,ASCUS,0.997898,244.099258,62.931641,436.025208,186.479004
24280_5399,ASCUS,0.772797,ASCUS,0.99223024,231.699020,149.492859,367.201416,326.849274
37048_49175,ASCUS,0.901225,ASCUS,0.9999926,60.748383,170.826019,220.198975,352.243866
42520_48567,ASCUS,0.801692,ASCUS,0.7598235,492.954010,11.951553,608.000000,263.312988
41304_34583,ASCUS,0.999485,ASCUS,0.99998534,116.969185,282.398102,278.605713,385.618439
13336_32151,ASCUS,0.948039,ASCUS,0.8965739,106.239883,22.192108,262.151367,381.714264
13336_32151,ASCUS,0.054165,ASCUS,0.999997,418.983368,363.151611,581.806396,461.572510
23672_12087,ASCUS,0.834327,ASCUS,0.9999784,74.604378,371.858246,205.912872,470.683014
23672_12087,ASCUS,0.099582,ASCUS,0.98817587,271.735718,248.782654,393.368469,367.644958
34008_45527,ASCUS,0.135341,ASCUS,0.99988365,269.642029,355.861633,460.787048,533.794006
26712_47959,ASCUS,0.044041,ASCUS,0.9983103,390.155884,124.129318,608.000000,410.546204
26712_47959,ASCUS,0.104138,ASCUS,0.98015034,185.480408,66.432579,257.995361,200.586823
29144_8439,ASCUS,0.294177,ASCUS,0.36528614,124.358391,229.681351,286.276184,389.932251
29144_8439,ASCUS,0.149816,ASCUS,0.7634795,260.145569,283.497345,358.830017,399.776276
47384_24247,ASCUS,0.368394,ASCUS,0.656003,9.006470,28.623650,98.417397,93.030151
47384_24247,ASCUS,0.716227,ASCUS,0.5335342,1.000000,273.591278,210.821899,509.171051
29144_47959,ASCUS,0.574253,ASCUS,0.9971917,153.460541,142.243942,377.467316,368.104553
21848_24247,ASCUS,0.713971,ASCUS,0.9999726,210.765976,461.792206,313.067352,585.498474
21848_24247,ASCUS,0.506207,ASCUS,0.99992216,364.161560,131.327545,508.529663,294.557068
21848_24247,ASCUS,0.083865,ASCUS,0.9695827,221.932037,135.768280,381.937286,305.292877
33400_23639,ASCUS,0.717956,ASCUS,0.9998375,152.379318,485.505737,304.216431,579.150513
23672_26679,ASCUS,0.016392,ASCUS,0.9993038,110.884079,304.157471,382.294067,510.712036
23672_26679,ASCUS,0.153611,ASCUS,0.9999547,1.367302,13.908806,168.981476,140.985809
35224_32151,ASCUS,0.993576,ASCUS,0.9982103,327.976990,1.000000,608.000000,469.396973
35224_32151,ASCUS,0.796163,ASCUS,1.0,144.417480,54.299377,221.444702,182.024445
14552_49783,ASCUS,0.040756,ASCUS,0.9887356,214.037445,368.497559,418.123016,607.133057
15768_49175,ASCUS,0.747684,ASCUS,0.9451419,177.380447,71.664993,347.381042,225.323227
15768_49175,ASCUS,0.015914,ASCUS,0.9995536,60.949272,494.132965,252.188782,606.136780
21240_33367,ASCUS,0.999197,ASCUS,0.9985123,444.685211,431.165039,536.507690,604.632324
11512_26679,ASCUS,0.191396,ASCUS,0.99905556,476.778625,69.085815,588.017883,183.326019
11512_26679,ASCUS,0.970791,ASCUS,0.99995387,45.897469,327.473999,266.528259,498.502808
48600_27287,ASCUS,0.668092,ASCUS,0.99781185,115.213715,245.213943,279.343048,404.396179
32792_16343,ASCUS,0.995930,ASCUS,0.99998236,342.951324,348.014465,529.269165,602.928711
32792_16343,ASCUS,0.445770,ASCUS,0.999678,192.512436,143.297211,298.794678,268.298981
27928_10263,ASCUS,0.074352,ASCUS,0.99911064,40.685356,343.870972,128.031067,480.866333
7864_30327,ASCUS,0.339360,ASCUS,0.88694465,10.816711,1.000000,160.219666,77.678787
7864_30327,ASCUS,0.027015,ASCUS,0.9999931,1.000000,42.078201,167.164032,159.840790
7864_30327,ASCUS,0.014749,LSIL,0.7203688,456.952026,241.162415,608.000000,451.076477
49208_21815,ASCUS,0.243897,ASCUS,0.96009296,206.949753,6.386631,299.675110,99.294937
49208_21815,ASCUS,0.115977,ASCUS,0.6773085,246.061859,1.000000,388.250702,75.415848
23064_6007,ASCUS,0.979088,ASCUS,0.99325985,16.276794,93.578308,388.297363,384.217072
48600_38231,ASCUS,0.987876,ASCUS,0.78007597,257.096741,227.692444,390.603333,388.842834
25496_39447,ASCUS,0.170003,ASCUS,0.90061176,289.422913,234.625870,364.302673,288.066589
40088_28503,ASCUS,0.982179,ASCUS,0.7435783,309.426147,1.000000,577.257507,313.646973
14552_48567,ASCUS,0.925197,ASCUS,0.9991447,217.821106,28.934280,337.424133,143.432022
36440_52215,ASCUS,0.994110,ASCUS,0.9999608,23.650555,148.155411,98.719223,293.938904
18808_50999,ASCUS,0.008441,ASCUS,0.6665872,13.623764,173.658203,172.122742,364.489380
26712_6615,ASCUS,0.652902,ASCUS,0.9999471,132.884735,466.403564,247.057861,608.000000
15768_27895,ASCUS,0.246158,ASCUS,0.9997868,400.702911,110.125244,487.295807,205.623840
15768_27895,ASCUS,0.964498,ASCUS,0.856113,80.254456,355.070740,282.074310,518.575378
49816_16951,ASCUS,0.674137,ASCUS,0.937589,336.643188,394.040131,487.946411,544.917358
33400_6007,ASCUS,0.285674,ASCUS,0.98027694,243.504608,89.241692,391.154816,240.378998
15768_35191,ASCUS,0.633198,ASCUS,0.999419,399.470032,61.610435,508.618469,172.977509
15768_35191,ASCUS,0.334376,ASCUS,0.9913966,394.322144,206.004822,511.377441,331.275452
20024_35799,ASCUS,0.017100,ASCUS,0.9987212,392.850220,520.775574,467.862915,607.356995
20024_35799,ASCUS,0.012264,ASCUS,0.8780952,492.402649,530.306274,556.717834,600.456177
20024_35799,ASCUS,0.045646,LSIL,0.98417354,534.409668,93.240921,608.000000,237.572830
35224_19383,ASCUS,0.555900,ASCUS,0.99933606,298.975769,49.013710,462.641541,203.412506
5432_24247,ASCUS,0.739950,ASCUS,0.9965431,384.321533,334.270935,533.345947,542.716003
5432_24247,ASCUS,0.162931,ASCUS,0.99999917,278.158630,410.174103,389.145813,527.001099
18808_26679,ASCUS,0.985025,ASCUS,0.99988985,267.016815,269.957428,448.444977,523.496826
18808_26679,ASCUS,0.647931,ASCUS,0.99967563,102.255333,77.316193,330.696686,267.478699
21848_49783,ASCUS,0.307063,ASCUS,0.9742227,407.188232,22.452026,562.527527,178.796173
21848_49783,ASCUS,0.253631,ASCUS,0.9976761,296.776672,83.781052,497.408630,246.559189
9688_36407,ASCUS,0.657726,ASCUS,0.9312288,86.476692,68.984680,317.027496,244.298340
9688_36407,ASCUS,0.255209,ASCUS,0.99863005,294.104309,178.309326,450.645996,311.934143
18200_30935,ASCUS,0.917589,ASCUS,0.9999881,182.515625,191.578766,292.692688,331.979156
18200_30935,ASCUS,0.095902,ASCUS,0.9832671,368.486603,162.570770,488.167572,343.807037
18808_48567,ASCUS,0.773194,ASCUS,0.99823344,1.000000,159.971786,78.639923,467.390259
10296_42487,ASCUS,0.206160,ASCUS,0.9999944,242.142227,539.040649,423.885681,608.000000
10296_42487,ASCUS,0.066219,ASCUS,0.9453252,554.076416,315.536835,608.000000,414.692535
46168_15735,ASCUS,0.308247,ASCUS,0.97104585,1.000000,324.586365,171.534607,485.892700
43736_41879,ASCUS,0.240064,ASCUS,0.9985354,15.600754,202.370361,124.805862,336.202637
19416_46135,ASCUS,0.054221,ASCUS,0.8297788,421.459320,307.312317,596.257080,439.265564
18200_12695,ASCUS,0.882473,ASCUS,0.99999905,340.859009,340.967896,439.525940,482.207153
18200_12695,ASCUS,0.121701,ASCUS,0.99947256,252.900955,10.481720,564.983704,396.574005
18200_12695,ASCUS,0.057563,ASCUS,0.63163793,226.091034,91.667831,471.565826,205.532639
5432_29111,ASCUS,0.853371,ASCUS,0.9867056,122.209946,369.490082,204.644943,569.023132
29144_52215,ASCUS,0.966320,ASCUS,0.9599178,108.882607,467.146729,301.069000,599.207153
29144_52215,ASCUS,0.078111,ASCUS,0.9912646,9.734901,262.568665,145.341949,357.205811
10296_41879,ASCUS,0.361959,ASCUS,0.8109572,134.082062,362.283112,608.000000,563.785400
10296_41879,ASCUS,0.023320,ASCUS,0.9971982,195.522995,387.467224,487.715454,541.461975
30968_38839,ASCUS,0.759653,ASCUS,0.99882346,1.000000,156.324631,489.088318,582.596680
25496_41271,ASCUS,0.986996,ASCUS,0.99601436,380.508728,218.186035,540.465942,352.122498
24888_48567,ASCUS,0.991366,ASCUS,0.99360967,386.534790,364.185974,533.648132,509.953308
34616_13911,ASCUS,0.310696,ASCUS,0.9978194,6.819664,330.860962,201.730835,548.057678
34616_13911,ASCUS,0.125654,ASCUS,0.90622926,1.374458,54.377693,103.097420,213.962769
34616_13911,ASCUS,0.101261,ASCUS,0.6858678,295.633301,505.153564,387.322510,593.700195
21240_33975,ASCUS,0.116661,ASCUS,0.99739707,351.483429,516.338440,456.475677,608.000000
21240_33975,ASCUS,0.061058,ASCUS,0.99506146,69.024628,105.417892,165.129944,273.122864
40696_9655,ASCUS,0.522027,ASCUS,0.99995816,24.928757,238.648972,159.458252,345.459381
40696_9655,ASCUS,0.505093,ASCUS,0.9777698,525.049500,381.541016,591.890686,460.698242
51640_20599,ASCUS,0.086204,ASCUS,0.9910841,454.416870,506.383301,580.784790,607.591064
40696_26071,ASCUS,0.066510,ASCUS,0.9925136,405.670288,93.548431,608.000000,204.609009
13336_40663,ASCUS,0.135158,ASCUS,0.8779079,146.406006,261.094452,346.778015,527.274536
13336_40663,ASCUS,0.682049,ASCUS,0.9998393,332.967834,127.745163,456.466980,365.381897
52248_33367,ASCUS,0.098595,ASCUS,0.9954485,137.776459,36.215092,287.294464,135.955719
52248_33367,ASCUS,0.054976,ASCUS,0.9803468,63.086075,9.210098,170.766754,129.476990
11512_34583,ASCUS,0.185526,ASCUS,0.99997437,1.000000,521.892883,122.126602,608.000000
39480_47959,ASCUS,0.663292,ASCUS,0.9390803,71.108467,49.977852,295.862366,227.847992
10296_18775,ASCUS,0.968275,ASCUS,0.9880327,274.294861,178.876648,608.000000,540.225830
10296_18775,ASCUS,0.417109,ASCUS,0.99988306,287.640930,22.729374,506.422791,130.463287
10296_18775,ASCUS,0.614518,ASCUS,0.9986356,97.174820,507.218903,187.357651,608.000000
10296_18775,ASCUS,0.285436,ASCUS,0.9998648,3.145264,58.497875,84.839073,178.156952
40696_16951,ASCUS,0.912947,ASCUS,0.9997228,225.893005,1.000000,528.088562,244.637451
40696_16951,ASCUS,0.994673,ASCUS,0.99946326,29.936325,322.221039,138.665863,473.381561
40696_16951,ASCUS,0.204825,ASCUS,0.9961175,1.000000,249.399902,107.243561,352.780823
35832_23031,ASCUS,0.590438,ASCUS,0.9999976,371.563477,243.513763,457.084351,407.839203
35832_23031,ASCUS,0.097657,ASCUS,0.99984443,27.657639,242.924377,221.266174,376.534241
23672_49783,ASCUS,0.814858,ASCUS,0.99915385,119.038361,421.509125,243.687347,531.560730
23672_49783,ASCUS,0.064072,ASCUS,0.9999716,291.032013,159.454529,422.691254,265.596527
23672_49783,ASCUS,0.182560,ASCUS,0.9677423,43.685661,443.591461,156.770782,589.845764
30968_52823,ASCUS,0.532298,ASCUS,0.9983063,110.750526,138.128433,282.033264,254.770187
23064_23031,ASCUS,0.938998,ASCUS,0.99945694,256.955170,371.507660,410.381927,535.350220
13944_22423,ASCUS,0.995727,ASCUS,0.99570787,245.059174,365.099152,452.946625,525.363647
35832_28503,ASCUS,0.103243,ASCUS,0.97794867,54.858154,256.183075,196.405792,442.709381
35832_28503,ASCUS,0.100859,ASCUS,0.99182606,6.728378,423.918945,163.760300,608.000000
35224_33367,ASCUS,0.926248,ASCUS,0.99182135,319.539062,148.155914,427.633667,262.596039
35224_33367,ASCUS,0.968214,ASCUS,0.9971433,200.150986,1.000000,335.842285,156.615051
35224_33367,ASCUS,0.779945,ASCUS,0.9932208,378.651917,155.228882,496.022339,270.494080
35224_33367,ASCUS,0.688788,ASCUS,0.971913,301.714233,37.369583,476.550659,163.778244
24280_6615,ASCUS,0.104423,ASCUS,0.9978132,178.029510,341.270294,344.901398,514.904419
14552_34583,ASCUS,0.301836,ASCUS,0.9869256,64.673737,84.584923,147.931091,160.560944
49208_33367,ASCUS,0.994322,ASCUS,0.9999956,1.000000,53.609634,217.539154,312.548462
49208_33367,ASCUS,0.990424,ASCUS,0.9999964,374.230591,332.027588,466.808472,494.197021
6648_31543,ASCUS,0.854449,ASCUS,0.9999225,171.203644,10.877743,301.115479,125.727036
10904_40055,ASCUS,0.998991,ASCUS,0.9955264,207.338425,406.679688,487.629822,595.891113
8472_15735,ASCUS,0.058582,ASCUS,0.9903412,115.420425,461.005310,293.676392,607.162415
8472_15735,ASCUS,0.974710,ASCUS,0.9984775,255.220215,157.874191,409.339722,301.044006
31576_26071,ASCUS,0.706229,ASCUS,0.9997191,342.722107,233.972061,465.462830,351.284668
7864_23639,ASCUS,0.392648,ASCUS,0.99920875,431.382660,102.158630,603.639404,331.900177
25496_25463,ASCUS,0.017872,ASCUS,0.9994742,137.990509,235.292297,319.109131,415.886597
32184_42487,ASCUS,0.333329,ASCUS,0.9718756,401.209747,214.127563,584.765503,358.464966
13944_23639,ASCUS,0.011567,LSIL,0.7859052,354.491547,566.184937,439.099213,608.000000
51032_22423,ASCUS,0.290195,ASCUS,0.9948885,394.791595,424.269470,467.543304,574.340759
51032_26071,ASCUS,0.834977,ASCUS,0.96657616,330.062012,286.039093,608.000000,608.000000
41912_46743,ASCUS,0.835800,ASCUS,0.94392294,459.321533,302.011536,573.682983,442.225159
41912_46743,ASCUS,0.184455,ASCUS,0.986233,363.575684,236.035095,509.656494,398.281738
31576_53431,ASCUS,0.351577,ASCUS,0.8531092,468.556610,371.785400,608.000000,550.402283
39480_46743,ASCUS,0.259977,ASCUS,0.7280851,415.924835,81.287521,520.283630,125.110596
24280_21207,ASCUS,0.975713,ASCUS,0.94223183,378.438354,221.334717,541.703186,350.840820
31576_44311,ASCUS,0.372642,ASCUS,0.99906975,193.186676,6.675674,375.403290,130.181076
13944_27287,ASCUS,0.994915,ASCUS,0.9049679,115.007568,1.000000,277.019928,222.864822
19416_10263,ASCUS,0.109832,ASCUS,0.99836975,433.395050,515.158630,552.129517,608.000000
26104_50391,ASCUS,0.713209,ASCUS,0.5827652,162.245880,197.814880,302.925446,527.063049
26104_50391,ASCUS,0.009588,ASCUS,0.8105268,104.600250,114.527405,362.157684,580.038818
35224_21815,ASCUS,0.993748,ASCUS,0.99906784,112.093826,231.025375,312.407898,486.971008
16376_50391,ASCUS,0.672907,ASCUS,0.9988201,47.829430,245.974060,199.151978,355.033997
52248_27895,ASCUS,0.964420,ASCUS,0.78877854,1.000000,59.572067,367.708435,436.346863
47992_17559,ASCUS,0.540205,ASCUS,0.86532897,204.284607,462.896912,429.001099,585.603821
47992_17559,ASCUS,0.252492,ASCUS,0.84145427,283.899628,152.488327,379.181793,245.470566
4824_29719,ASCUS,0.606809,ASCUS,0.8600098,114.142929,206.835571,295.205811,362.535706
49208_14519,ASCUS,0.845967,ASCUS,0.850238,329.807068,124.971786,462.699158,406.097290
49208_14519,ASCUS,0.921015,ASCUS,0.9998487,115.973625,298.556702,247.468628,416.050598
49208_14519,ASCUS,0.170075,ASCUS,0.5124346,80.396286,26.782654,198.741440,283.300018
18808_41879,ASCUS,0.994285,ASCUS,0.97987366,451.952881,109.066895,608.000000,425.457092
21240_27287,ASCUS,0.207987,ASCUS,0.9999187,1.583443,401.447876,70.427238,520.060303
26104_17559,ASCUS,0.631977,ASCUS,0.9703044,329.205261,350.081726,497.733215,508.430115
26104_17559,ASCUS,0.658170,ASCUS,0.99980026,424.664185,310.923462,593.893555,466.446777
26104_17559,ASCUS,0.715919,ASCUS,0.9995376,251.253021,96.881775,334.999847,235.247864
13944_32151,ASCUS,0.077307,ASCUS,0.89312875,385.918182,107.279022,552.520447,304.922028
13944_32151,ASCUS,0.129794,ASCUS,0.89641964,188.562439,175.966049,364.694214,344.702942
30360_50999,ASCUS,0.779485,ASCUS,0.8405847,89.400505,200.658936,282.069183,433.420166
23064_43703,ASCUS,0.103217,ASCUS,0.69595253,117.830498,169.224976,251.606476,419.544800
23064_43703,ASCUS,0.128957,ASCUS,0.996732,225.718506,416.510986,311.631653,586.738464
24888_50999,ASCUS,0.598008,ASCUS,0.9512084,214.566284,389.659790,387.184509,533.000916
48600_22423,ASCUS,0.910960,ASCUS,0.8431427,235.334000,270.734375,608.000000,597.010498
49208_41879,ASCUS,0.175576,ASCUS,0.9859364,4.959682,105.641624,114.591293,288.196625
10904_32759,ASCUS,0.109352,ASCUS,0.9977925,9.076004,356.768616,111.790970,516.807190
32792_45527,ASCUS,0.942849,ASCUS,0.9949031,235.356430,231.563248,428.213379,354.990479
44344_24247,ASCUS,0.760745,ASCUS,0.96217585,97.674271,20.501617,363.063477,257.719452
38872_30935,ASCUS,0.155936,ASCUS,0.9998324,401.929626,151.704498,552.911438,308.292816
16376_23639,ASCUS,0.817975,ASCUS,0.99982053,461.164093,117.479759,536.942017,198.133118
16376_23639,ASCUS,0.454015,ASCUS,0.99998915,31.780766,261.465576,102.879807,391.170288
16376_23639,ASCUS,0.024149,LSIL,0.88307846,534.461609,43.590637,597.619080,107.455994
39480_37623,ASCUS,0.749969,ASCUS,0.85295737,137.015945,357.379364,306.330994,500.365265
7864_22423,ASCUS,0.978496,ASCUS,0.9993241,328.201233,159.387909,480.751160,264.463043
7864_22423,ASCUS,0.297879,ASCUS,0.9656331,402.597351,447.828766,552.106628,588.076416
47992_16343,ASCUS,0.435787,ASCUS,0.5319138,521.886108,326.803802,607.391357,467.518341
47992_16343,ASCUS,0.242547,ASCUS,0.59708375,416.337891,411.743195,585.744446,558.151917
47992_16343,ASCUS,0.051705,ASCUS,0.97134113,522.499207,175.213135,606.730896,331.013245
27320_49175,ASCUS,0.253035,ASCUS,0.9984133,554.869568,335.027374,608.000000,506.573639
16984_12695,ASCUS,0.357193,ASCUS,0.6518502,366.139221,304.630768,584.898315,570.904419
7256_27287,ASCUS,0.475028,ASCUS,0.9970585,200.604126,183.479736,337.990723,307.845825
13336_21207,ASCUS,0.949715,ASCUS,0.9994868,178.434784,129.364990,376.774506,266.257111
15160_15735,ASCUS,0.985175,ASCUS,0.9996387,174.930176,327.950745,361.919312,485.716736
19416_16951,ASCUS,0.424356,ASCUS,0.9999969,40.660767,421.137604,160.507797,520.038696
25496_34583,ASCUS,0.835217,ASCUS,0.94240755,222.892120,453.432800,361.808685,597.982361
25496_34583,ASCUS,0.262994,ASCUS,0.9979266,267.634949,319.249329,332.360840,412.214172
14552_16343,ASCUS,0.128871,ASCUS,0.9304529,131.100555,268.282776,342.521698,412.088867
41304_23031,ASCUS,0.998369,ASCUS,0.99999416,208.057938,406.257172,315.138428,561.681152
15160_10871,ASCUS,0.989347,ASCUS,0.9913123,77.769226,258.169525,288.137817,502.807526
15160_42487,ASCUS,0.983361,ASCUS,0.998643,135.104233,48.352943,456.320251,232.832642
30968_35799,ASCUS,0.402492,ASCUS,0.99988997,197.453918,486.771820,322.547302,593.213745
43736_19991,ASCUS,0.935200,ASCUS,0.999894,57.870934,255.717621,255.295929,362.739166
43736_19991,ASCUS,0.073536,ASCUS,0.9866388,339.884888,316.369141,518.277344,493.145264
44344_18775,ASCUS,0.921208,ASCUS,0.9956934,267.873077,321.254486,448.627472,556.458984
44344_18775,ASCUS,0.241376,ASCUS,0.9994873,21.680840,296.617706,256.226013,520.736938
29144_30935,ASCUS,0.054725,ASCUS,0.9997795,6.762871,176.342941,160.991730,264.625854
29144_30935,ASCUS,0.101160,ASCUS,0.9317893,183.502197,28.025658,339.393188,277.704102
23672_35799,ASCUS,0.995670,ASCUS,0.9997744,56.244545,393.325104,242.478851,511.633270
23672_35799,ASCUS,0.187164,ASCUS,0.9999298,265.342072,434.492554,385.204498,586.365967
43128_21815,ASCUS,0.910583,ASCUS,0.7147202,72.987701,513.864014,142.617767,562.970459
43128_21815,ASCUS,0.881600,ASCUS,0.86763066,5.576645,542.913452,68.030708,602.697998
43128_21815,ASCUS,0.790899,ASCUS,0.990628,54.590546,558.023254,117.169922,603.156067
13336_18167,ASCUS,0.552416,ASCUS,0.999564,299.395477,320.979919,455.354584,590.686401
13336_18167,ASCUS,0.233774,ASCUS,0.9891128,22.169464,64.187828,130.572678,202.182190
19416_38231,ASCUS,0.954293,ASCUS,0.8951309,523.951111,344.635773,608.000000,512.661560
19416_38231,ASCUS,0.286161,ASCUS,0.99998116,22.630859,407.879700,350.016418,600.057251
49208_27287,ASCUS,0.313711,ASCUS,0.9981299,357.402740,372.441925,498.647369,502.070587
22456_15735,ASCUS,0.653245,ASCUS,0.9972139,142.134888,98.743721,284.964294,311.958374
22456_15735,ASCUS,0.776959,ASCUS,0.9967428,450.453735,311.792328,551.511780,467.780426
34616_39447,ASCUS,0.197585,ASCUS,0.5051973,106.179436,133.556946,289.204315,263.490265
21240_10871,ASCUS,0.950615,ASCUS,0.9875165,12.972794,116.658951,220.195709,213.817734
21240_10871,ASCUS,0.852708,ASCUS,0.9967146,1.000000,202.461609,72.524956,287.815735
21240_10871,ASCUS,0.667404,ASCUS,0.9660976,111.205269,134.308975,265.493713,275.656616
15768_46743,ASCUS,0.804024,ASCUS,0.9998061,225.225494,149.409393,362.825714,280.338074
41304_43703,ASCUS,0.995810,ASCUS,0.9996189,3.248383,169.237701,154.209900,395.620636
41304_43703,ASCUS,0.065964,ASCUS,0.9994894,404.161194,313.570557,581.049255,448.580872
32792_29719,ASCUS,0.991305,ASCUS,0.9936655,345.698761,10.806450,434.556671,191.701599
14552_20599,ASCUS,0.844471,ASCUS,0.99773383,371.806366,1.000000,456.387115,142.575974
37656_6007,ASCUS,0.080944,ASCUS,0.52794045,33.679749,81.425934,314.327484,344.852264
6040_29719,ASCUS,0.953746,ASCUS,0.8451369,429.967163,147.194794,543.966187,309.171356
8472_40055,ASCUS,0.255516,ASCUS,0.9492997,1.000000,173.320862,188.190674,415.412170
8472_40055,ASCUS,0.124173,ASCUS,0.908003,214.000305,159.113373,410.574829,374.611420
23672_44919,ASCUS,0.818691,ASCUS,0.9145243,227.923187,257.616089,357.094269,361.721130
23672_44919,ASCUS,0.116111,ASCUS,0.8547395,477.477478,237.816956,608.000000,412.495300
23672_44919,ASCUS,0.053755,ASCUS,0.9513969,178.408997,68.422028,375.389038,229.199066
30968_50391,ASCUS,0.268480,ASCUS,0.9835079,93.040184,425.789856,269.693817,575.534851
35224_53431,ASCUS,0.819161,ASCUS,0.90750325,290.721069,134.805771,473.060547,272.881592
46168_15127,ASCUS,0.859982,ASCUS,0.9998708,31.462723,260.742004,153.946533,338.073303
13944_16951,ASCUS,0.193793,ASCUS,0.99564075,200.628540,302.971252,384.547729,442.755920
20024_38231,ASCUS,0.992202,ASCUS,0.9995408,468.089447,179.954926,596.080383,357.397003
20024_38231,ASCUS,0.160252,ASCUS,0.9998368,1.000000,354.653687,78.163269,504.717896
44952_32759,ASCUS,0.005261,ASCUS,0.8977203,2.884863,425.916870,54.501678,543.958923
39480_41879,ASCUS,0.765846,ASCUS,0.81849396,62.585106,6.712242,306.598694,199.399689
11512_12087,ASCUS,0.504869,ASCUS,0.93293744,448.253235,342.202118,572.549622,485.168854
26104_35191,ASCUS,0.333193,ASCUS,0.99991477,247.961029,319.758087,403.579865,458.456146
8472_38839,ASCUS,0.469371,ASCUS,0.99950325,65.330658,300.121429,231.950623,427.776642
25496_17559,ASCUS,0.991807,ASCUS,0.9996269,206.313354,136.035690,286.271576,241.605759
25496_17559,ASCUS,0.450569,ASCUS,0.99520916,167.325455,76.325775,274.865723,173.414490
25496_17559,ASCUS,0.058957,ASCUS,0.8833488,116.212471,154.904816,213.460571,254.224854
18808_36407,ASCUS,0.551930,ASCUS,0.75637716,1.000000,243.296036,178.381226,507.990723
21848_5399,ASCUS,0.453740,ASCUS,0.95497334,203.027603,383.708740,350.991577,507.806213
36440_52823,ASCUS,0.291875,ASCUS,0.9712588,11.652466,169.671860,206.079025,336.712646
36440_52823,ASCUS,0.057194,ASCUS,0.9986852,204.460266,430.843353,396.522278,555.182861
36440_52823,ASCUS,0.884562,ASCUS,0.9961087,435.940491,328.627869,548.953247,468.162598
36440_52823,ASCUS,0.417448,ASCUS,0.9927088,100.608734,10.312679,292.916412,127.955933
34008_52215,ASCUS,0.036443,ASCUS,0.94476765,438.886810,463.937347,608.000000,600.987549
34008_52215,ASCUS,0.796469,ASCUS,0.99956244,6.177353,488.738129,211.595917,608.000000
34008_52215,ASCUS,0.101190,LSIL,0.56591934,141.281128,28.443832,300.072296,157.846970
34616_14519,ASCUS,0.977093,ASCUS,0.8644973,428.432953,452.178925,481.008026,519.163635
34616_14519,ASCUS,0.968876,ASCUS,0.97579885,386.604156,448.926239,444.214264,522.994324
34616_14519,ASCUS,0.946563,ASCUS,0.9123108,395.777344,373.921875,462.962097,452.643066
34616_14519,ASCUS,0.060132,ASCUS,0.9990839,211.594788,437.977539,374.461487,608.000000
15768_34583,ASCUS,0.963701,ASCUS,0.9954437,296.499817,133.478729,465.522278,292.825989
15768_34583,ASCUS,0.918159,ASCUS,0.9992143,98.401222,451.057495,262.229828,608.000000
17592_13303,ASCUS,0.507156,ASCUS,0.82354146,421.142883,418.977295,608.000000,549.721008
40088_15735,ASCUS,0.653494,ASCUS,0.9999448,27.592354,292.336578,141.031128,420.735809
42520_12087,ASCUS,0.775538,ASCUS,0.99922216,475.933105,384.028320,607.058228,470.818237
42520_12087,ASCUS,0.052036,ASCUS,0.6538418,275.252747,226.708466,573.793823,399.658844
42520_38839,ASCUS,0.309569,ASCUS,0.5245298,263.527344,280.362518,499.929626,499.427277
42520_38839,ASCUS,0.184203,ASCUS,0.984738,57.768879,1.000000,158.474335,160.655838
34008_49175,ASCUS,0.559376,ASCUS,0.99610317,1.000000,6.392441,148.664658,233.637848
34008_49175,ASCUS,0.399934,ASCUS,0.99999726,7.877502,324.849854,359.978729,583.930176
34008_49175,ASCUS,0.985552,ASCUS,0.99969256,363.451294,99.614838,488.801514,426.862823
25496_18775,ASCUS,0.875263,ASCUS,0.9984524,77.315369,102.884438,253.234589,262.005066
6040_19991,ASCUS,0.159901,ASCUS,0.99986064,274.615601,58.479752,389.801575,255.314835
6040_19991,ASCUS,0.347799,ASCUS,0.99524,208.706757,330.039246,415.497101,550.865234
51640_37623,ASCUS,0.077651,ASCUS,0.9104518,290.855499,86.771446,488.002106,226.922180
41304_16951,ASCUS,0.737128,ASCUS,0.99696857,372.223358,496.902008,434.629364,599.961365
41304_16951,ASCUS,0.027944,ASCUS,0.8011119,1.000000,399.243011,157.042206,488.704498
34616_47959,ASCUS,0.018513,LSIL,0.7638533,234.169647,412.636841,479.760162,491.475586
40696_49783,ASCUS,0.781100,ASCUS,0.99999917,493.918701,13.993786,601.559448,139.823456
40696_49783,ASCUS,0.982255,ASCUS,0.84696096,429.957275,426.114410,525.075806,558.981628
40696_49783,ASCUS,0.245383,ASCUS,0.99709547,519.424622,566.020996,594.310852,608.000000
20632_43703,ASCUS,0.991496,ASCUS,0.8932554,251.109665,245.598160,397.156677,419.165527
20632_43703,ASCUS,0.981449,ASCUS,0.7098759,404.173065,314.588715,515.974609,495.491364
37656_19383,ASCUS,0.298936,ASCUS,0.86968017,43.790825,257.087402,219.780212,439.215332
37656_19383,ASCUS,0.920963,ASCUS,0.99945015,260.257233,4.998615,419.613373,132.453995
37656_19383,ASCUS,0.107224,ASCUS,0.730239,203.299866,434.242584,382.281555,585.473511
15160_26679,ASCUS,0.063671,ASCUS,0.9957562,114.742172,1.063507,279.684814,72.345200
15160_26679,ASCUS,0.060030,ASCUS,0.8362306,400.717926,476.247162,552.549561,604.411499
43736_26071,ASCUS,0.071493,ASCUS,0.99415815,30.868912,244.834595,241.935074,480.083862
20632_42487,ASCUS,0.999622,ASCUS,0.99423134,426.236450,83.214981,604.338989,244.937943
20632_42487,ASCUS,0.998763,ASCUS,0.99610597,115.035316,301.982483,255.129761,507.322266
30968_30327,ASCUS,0.024701,ASCUS,0.9999627,172.932037,152.755569,287.097504,243.442093
52248_37015,ASCUS,0.996792,ASCUS,0.99959224,143.725769,266.443024,315.462036,431.225677
52248_37015,ASCUS,0.324890,ASCUS,0.9894292,435.676422,263.620422,583.272827,418.466736
14552_18775,ASCUS,0.869624,ASCUS,0.9530292,250.639694,269.531219,350.812012,380.729706
12728_21815,ASCUS,0.121097,ASCUS,0.99331975,173.278763,392.681488,256.263672,464.648529
10296_18167,ASCUS,0.788882,ASCUS,0.995146,465.990997,458.268616,581.354492,605.621033
27320_44311,ASCUS,0.697270,ASCUS,0.9846949,474.347534,232.188248,589.545898,354.964050
28536_38231,ASCUS,0.226663,ASCUS,0.884389,6.118946,204.648819,65.049332,302.555176
44952_24247,ASCUS,0.977763,ASCUS,0.9172999,179.638138,137.231598,372.584473,290.608887
44952_24247,ASCUS,0.996393,ASCUS,0.9928369,185.874878,68.944870,353.682312,198.366196
44952_24247,ASCUS,0.189681,ASCUS,0.9850568,268.771667,468.050171,393.953796,595.942871
6040_19383,ASCUS,0.314396,ASCUS,0.9969168,302.981110,342.617310,458.378021,483.971497
6040_19383,ASCUS,0.939603,ASCUS,0.99726415,394.255829,115.197876,482.574249,234.944519
21848_37623,ASCUS,0.991641,ASCUS,0.7976316,412.690674,401.446106,571.481323,553.057861
34008_30327,ASCUS,0.684271,ASCUS,0.99855155,265.296570,297.841064,464.333618,446.286377
34008_30327,ASCUS,0.203998,ASCUS,0.71448094,172.350525,96.471611,366.815063,250.510681
40088_29719,ASCUS,0.747441,ASCUS,0.8828389,1.000000,97.830078,261.740540,309.363861
40088_29719,ASCUS,0.057146,ASCUS,0.9992149,71.376442,1.000000,162.011383,58.971100
34008_41879,ASCUS,0.146498,ASCUS,0.99934286,521.672668,42.095520,591.423279,100.062286
8472_15127,ASCUS,0.274092,ASCUS,0.897209,512.674500,36.651741,608.000000,268.481812
8472_15127,ASCUS,0.984184,ASCUS,0.99999595,280.982391,281.855072,400.277679,418.545013
8472_15127,ASCUS,0.282438,ASCUS,0.99681795,104.981277,250.986862,256.742798,430.384888
40088_43703,ASCUS,0.998929,ASCUS,0.99931204,330.657959,101.862900,460.002197,213.904434
52856_28503,ASCUS,0.012618,ASCUS,0.61807173,6.526505,16.356495,211.822250,137.101624
16376_14519,ASCUS,0.982253,ASCUS,0.55336154,409.895386,40.754456,594.997681,292.147003
27928_33367,ASCUS,0.061930,ASCUS,0.9988319,265.896362,520.520935,415.191895,607.024719
6040_25463,ASCUS,0.561429,ASCUS,0.99928916,10.022293,357.582092,259.160156,560.889709
6040_25463,ASCUS,0.203113,ASCUS,0.81957704,429.179291,363.247314,510.391632,476.834717
16376_10263,ASCUS,0.999186,ASCUS,0.5886387,287.604187,225.767639,439.749634,358.318604
32792_35799,ASCUS,0.957872,ASCUS,0.99999046,7.621075,434.396301,131.665100,553.098877
22456_30935,ASCUS,0.952995,ASCUS,0.999998,107.272415,381.323578,351.991333,475.449799
26104_52215,ASCUS,0.739256,ASCUS,0.9996213,10.552582,84.435799,222.264359,230.345276
12120_18167,ASCUS,0.250506,ASCUS,0.9564789,383.351074,174.400391,426.571655,251.767822
44344_16951,ASCUS,0.036243,ASCUS,0.67622554,1.000000,433.396667,93.629555,551.840027
18808_27895,ASCUS,0.979161,ASCUS,0.9999863,47.531235,291.762146,327.467468,493.934387
40088_19991,ASCUS,0.041784,ASCUS,0.9232828,72.720253,366.848450,229.002014,571.462708
40088_19991,ASCUS,0.972426,ASCUS,0.8806939,349.347717,269.965149,567.081116,484.619873
40088_19991,ASCUS,0.899049,ASCUS,0.8676532,404.927307,50.265900,548.717773,247.666504
7864_42487,ASCUS,0.023877,ASCUS,0.7766473,38.649200,450.107147,243.579559,600.215210
18200_31543,ASCUS,0.955370,ASCUS,0.506838,119.135262,288.171265,272.433746,426.899170
18808_28503,ASCUS,0.227863,ASCUS,0.99737084,63.530991,13.778336,204.517776,142.705032
24888_12087,LSIL,0.720076,LSIL,0.94019544,236.653839,26.575066,459.344208,276.628174
13336_15735,ASCUS,0.052203,ASCUS,0.9992779,490.059998,297.719971,605.637756,446.743408
17592_19991,ASCUS,0.785385,ASCUS,0.9992711,187.467239,36.196136,442.710632,334.241455
17592_19991,ASCUS,0.382286,ASCUS,0.950492,5.308506,152.994812,115.403748,304.135132
38872_17559,ASCUS,0.023276,ASCUS,0.98702884,262.571228,74.457649,424.238098,293.907837
38872_17559,ASCUS,0.881714,ASCUS,0.7722006,427.023132,352.948059,608.000000,591.828308
27928_20599,ASCUS,0.999604,ASCUS,0.99984634,458.181488,255.824249,606.537354,407.289337
27928_20599,ASCUS,0.933720,ASCUS,0.99635446,448.288330,402.849945,536.368958,519.865601
39480_14519,ASCUS,0.086213,ASCUS,0.9974711,404.530396,446.090607,579.315125,587.061157
24888_30935,ASCUS,0.074517,ASCUS,0.78421116,345.053467,361.701630,513.851135,513.103760
24888_30935,ASCUS,0.054364,ASCUS,0.99999523,483.175140,25.773228,586.433472,125.385849
25496_20599,ASCUS,0.995506,ASCUS,0.9988061,189.850464,310.315857,347.610901,481.279480
29752_30327,ASCUS,0.827570,ASCUS,0.88748306,308.089294,229.557739,604.272034,590.101746
41912_39447,ASCUS,0.992776,ASCUS,0.9999536,138.096375,75.383057,393.818481,287.383057
29144_32151,ASCUS,0.948512,ASCUS,0.9989668,411.498444,428.005402,557.429810,589.884888
29144_48567,ASCUS,0.105703,ASCUS,0.99084115,39.806473,175.740143,328.556519,517.657959
37048_32759,ASCUS,0.892324,ASCUS,0.99997723,51.081596,473.759888,295.266266,608.000000
18808_30935,ASCUS,0.096693,ASCUS,0.9998729,13.856354,379.097992,188.284973,495.305145
36440_22423,ASCUS,0.100012,ASCUS,0.9992238,340.696228,460.146240,534.506775,559.095459
6040_33975,ASCUS,0.712766,ASCUS,0.7425959,318.724152,16.644150,469.636017,327.238403
6040_33975,ASCUS,0.150801,ASCUS,0.9835106,165.201172,330.380066,340.967529,413.444763
12120_45527,ASCUS,0.978475,ASCUS,0.61398065,50.319405,54.316910,223.239227,316.905334
32792_46743,ASCUS,0.087993,ASCUS,0.98690623,127.597580,402.107056,248.188126,502.324219
33400_41271,ASCUS,0.011096,ASCUS,0.9997625,12.403076,240.730865,197.183014,482.737518
52248_24855,ASCUS,0.984221,ASCUS,0.8241657,168.824097,52.732391,303.607178,216.398865
40696_26679,ASCUS,0.347938,ASCUS,0.99986494,38.391914,1.000000,162.195496,140.331436
12120_33367,ASCUS,0.650125,ASCUS,0.9939521,9.361320,299.694763,192.324493,462.422058
12120_33367,ASCUS,0.323287,ASCUS,0.9579428,5.771923,362.369476,100.007996,464.573456
31576_21207,ASCUS,0.945062,ASCUS,0.994524,363.271545,52.506859,526.007263,197.573303
31576_21207,ASCUS,0.765825,ASCUS,0.99481994,421.698120,163.447678,596.466370,276.972046
31576_21207,ASCUS,0.555830,ASCUS,0.99963546,377.845856,290.158722,576.964233,406.240265
49208_43095,ASCUS,0.518470,ASCUS,0.999015,423.947815,333.317505,577.647766,413.230591
49208_43095,ASCUS,0.540748,ASCUS,0.99986124,23.638199,111.389885,243.098190,203.757111
20024_21815,ASCUS,0.956804,ASCUS,0.9986426,54.341537,71.376022,477.483032,457.946838
20024_21815,ASCUS,0.558529,ASCUS,0.99444395,94.575745,475.204376,283.614319,589.392334
20024_21815,ASCUS,0.247811,ASCUS,0.99634105,12.507126,488.286163,140.750305,594.378662
20024_21815,ASCUS,0.100257,ASCUS,0.9995939,110.502533,144.640839,415.066925,382.808075
28536_18775,ASCUS,0.987179,ASCUS,0.9686792,111.496124,329.845703,421.803680,486.107300
28536_18775,ASCUS,0.580235,ASCUS,0.9949464,165.712219,282.043396,340.812225,515.155090
31576_35799,ASCUS,0.030025,ASCUS,0.952832,235.828644,161.385910,429.507965,314.420349
45560_23031,ASCUS,0.496730,ASCUS,0.99840933,227.052628,337.974945,374.735535,423.120575
35224_6615,ASCUS,0.169374,ASCUS,0.7853921,334.807526,186.099197,485.052338,534.725769
26712_45527,ASCUS,0.859977,ASCUS,0.9999168,43.792175,336.860840,154.846664,442.883911
41912_46135,ASCUS,0.995573,ASCUS,0.99707246,174.077515,33.456985,412.911865,239.199600
34616_43095,ASCUS,0.736041,ASCUS,0.999388,150.231323,424.437927,289.200714,593.635925
34616_43095,ASCUS,0.656021,ASCUS,0.99998975,465.091309,207.049530,586.723877,282.305145
19416_38839,ASCUS,0.275699,ASCUS,0.96427286,1.000000,83.022156,136.071838,382.509552
40696_31543,ASCUS,0.296706,ASCUS,0.8938891,507.309387,368.388000,558.809875,474.100403
40088_42487,ASCUS,0.769479,ASCUS,0.9999465,1.000000,49.238029,255.794296,291.213257
40088_42487,ASCUS,0.972064,ASCUS,0.52092665,414.033569,408.139771,601.636108,527.261780
16376_29111,ASCUS,0.083879,ASCUS,0.8674923,11.610588,178.832336,167.890717,418.680054
16376_29111,ASCUS,0.806450,ASCUS,0.9999535,208.037247,163.231628,296.175903,275.983124
34008_50391,ASCUS,0.806876,ASCUS,0.99998677,17.324898,451.495544,154.779572,581.941589
42520_14519,ASCUS,0.136635,ASCUS,0.99847764,515.833923,265.785065,593.634827,396.365082
17592_47351,ASCUS,0.347546,ASCUS,0.99999833,8.225716,6.192123,172.125580,493.197449
17592_47351,ASCUS,0.061773,ASCUS,0.947108,142.850204,389.920593,417.364685,588.720520
17592_47351,ASCUS,0.136534,ASCUS,0.99973124,74.495735,1.000000,165.246857,361.033264
29144_54647,ASCUS,0.472006,ASCUS,0.72777945,241.925781,186.984070,441.095337,351.276062
28536_45527,ASCUS,0.999296,ASCUS,0.9994985,38.894104,22.416336,291.244171,343.938782
28536_45527,ASCUS,0.162593,ASCUS,0.9996644,415.773499,149.237244,608.000000,414.384155
29144_46743,ASCUS,0.122595,ASCUS,0.9997942,22.411381,233.463531,114.437561,304.289459
29144_46743,ASCUS,0.563636,ASCUS,0.9993038,440.805847,271.130707,602.652649,482.828583
5432_24855,ASCUS,0.524763,ASCUS,0.94383085,138.558105,342.840424,296.553986,600.687134
12728_31543,ASCUS,0.012711,ASCUS,0.9982108,18.469879,1.000000,587.651855,546.448242
21240_15735,ASCUS,0.972706,ASCUS,0.7475402,412.513489,73.349541,555.776123,226.553009
21240_15735,ASCUS,0.217999,ASCUS,0.9623085,65.392548,222.144730,167.618790,346.163025
24280_9047,ASCUS,0.997184,ASCUS,0.99959475,284.904175,240.851807,442.930908,317.473206
40088_47959,ASCUS,0.005925,ASCUS,0.9940826,71.491829,42.498245,269.817780,328.372009
38264_52823,ASCUS,0.976363,ASCUS,0.9963898,388.995789,308.644257,608.000000,537.333618
14552_22423,ASCUS,0.125476,ASCUS,0.62503636,199.713440,110.935051,321.776855,249.857788
40088_34583,ASCUS,0.088304,ASCUS,0.9940475,303.887787,357.239532,475.377838,517.406738
26104_35799,ASCUS,0.280684,ASCUS,0.67110604,297.743347,172.775177,464.078491,317.292694
26104_35799,ASCUS,0.032451,HSIL,0.52390397,12.794228,164.384140,163.033325,428.874512
4824_23031,ASCUS,0.005229,ASCUS,0.9971391,560.632507,87.978439,601.513489,210.565109
14552_43095,ASCUS,0.950514,ASCUS,0.67315876,190.695129,100.890511,379.157532,229.248108
49208_29111,ASCUS,0.087889,ASCUS,0.9905385,167.661301,312.807037,255.437973,480.248383
49208_29111,ASCUS,0.108483,ASCUS,0.94678897,447.279236,285.912445,608.000000,411.571991
24280_43095,ASCUS,0.347430,ASCUS,0.99886763,443.779510,82.970772,540.303589,264.061401
30968_53431,ASCUS,0.996298,ASCUS,0.9995585,53.013168,229.509308,262.312805,372.263275
26712_36407,ASCUS,0.332593,ASCUS,0.91506094,100.309929,235.113937,259.819550,380.900696
25496_21207,ASCUS,0.845519,ASCUS,0.99400264,49.674332,296.791351,387.070801,518.966919
25496_21207,ASCUS,0.057386,ASCUS,0.9467679,43.376755,197.437332,442.531982,608.000000
44344_35191,ASCUS,0.010448,ASCUS,0.7070341,67.910995,41.464249,264.472473,298.081482
44344_35191,ASCUS,0.475929,ASCUS,0.86274874,2.862610,269.058411,167.962540,461.609619
10296_33367,ASCUS,0.023651,ASCUS,0.99958175,32.103287,143.070984,232.935806,299.920563
8472_43703,ASCUS,0.171312,ASCUS,0.52365965,264.305481,1.000000,356.284302,318.786621
10296_21815,ASCUS,0.595559,ASCUS,0.9612192,9.536789,34.354393,192.638626,215.789978
10296_21815,ASCUS,0.076853,ASCUS,0.9985902,212.141739,436.905212,509.628723,607.176453
14552_16951,ASCUS,0.045275,LSIL,0.6134744,64.253326,77.985840,342.303009,290.838226
29752_26071,ASCUS,0.933782,ASCUS,0.9989827,244.612793,15.385422,373.982178,170.070206
29752_26071,ASCUS,0.104185,ASCUS,0.99998784,4.463760,356.843994,271.799011,589.486145
28536_21207,ASCUS,0.124895,ASCUS,0.9988223,69.191460,448.921814,164.064606,583.991394
34008_31543,ASCUS,0.141620,ASCUS,0.8153324,350.634888,459.665680,522.011963,606.873413
46168_20599,ASCUS,0.751283,ASCUS,0.991983,1.713552,440.637878,58.006203,544.940735
46168_20599,ASCUS,0.527228,ASCUS,0.9768935,2.581375,4.066219,230.712387,103.951553
46168_20599,ASCUS,0.981475,ASCUS,0.9793433,67.745789,388.327026,135.197205,503.823730
46168_20599,LSIL,0.083399,LSIL,0.5749623,49.239628,296.128815,143.588318,391.056610
27928_52823,ASCUS,0.938913,ASCUS,0.72847277,146.870697,311.663757,309.211548,466.623474
47384_15735,ASCUS,0.764029,ASCUS,0.9851125,374.249512,302.704590,606.356384,580.121094
47384_35799,ASCUS,0.088824,ASCUS,0.999355,141.427338,184.742554,204.327942,238.887329
53464_29111,ASCUS,0.030083,ASCUS,0.5401455,488.949829,16.750618,607.792847,168.556183
53464_29111,ASCUS,0.174333,ASCUS,0.9826093,451.064453,326.670258,581.096802,558.676086
30968_46135,ASCUS,0.810825,ASCUS,0.9998883,2.829208,203.219193,138.213242,491.970947
30968_46135,ASCUS,0.996851,ASCUS,0.9997992,304.457642,222.537140,542.574097,432.458588
30360_53431,ASCUS,0.058712,ASCUS,0.9956993,145.940704,1.000000,389.383270,175.726959
21848_27895,ASCUS,0.904251,ASCUS,0.99972636,136.748734,32.814865,229.588181,299.512024
34616_32759,ASCUS,0.242947,ASCUS,0.99999213,476.695374,304.997772,589.019348,456.294403
11512_36407,ASCUS,0.425281,ASCUS,0.99986434,444.502899,11.243988,558.466125,95.934593
29752_18775,ASCUS,0.972914,ASCUS,0.98914766,186.525162,1.000000,432.066589,180.931549
50424_30935,ASCUS,0.873694,ASCUS,0.99571085,80.848679,268.899170,255.682816,511.968872
50424_30935,ASCUS,0.298374,ASCUS,0.9316986,445.044250,13.957428,608.000000,172.360840
48600_30935,ASCUS,0.307542,ASCUS,0.9869646,394.423096,326.504028,590.707520,483.408752
48600_30935,ASCUS,0.161508,ASCUS,0.9423763,526.266907,26.349670,607.232849,283.581482
48600_30935,ASCUS,0.136205,ASCUS,0.9974125,509.349823,410.147491,605.448120,592.859253
44344_18167,ASCUS,0.149296,ASCUS,0.67251134,153.571442,1.000000,407.488678,184.577881
32184_44311,ASCUS,0.899066,ASCUS,0.9999273,10.643524,7.732819,234.172165,358.017090
21848_40055,ASCUS,0.748768,ASCUS,0.99997854,8.221405,1.000000,269.787018,274.985352
16984_18775,ASCUS,0.688411,ASCUS,0.9512441,29.454010,365.301636,305.322144,608.000000
12728_45527,ASCUS,0.922144,ASCUS,0.97521925,339.787964,293.111328,486.340271,469.419556
12728_45527,ASCUS,0.368422,ASCUS,0.99307394,2.763214,29.132420,101.668320,141.090698
12728_45527,ASCUS,0.367357,ASCUS,0.99472034,42.977005,2.643110,96.417419,58.967957
38264_23639,ASCUS,0.335503,ASCUS,0.99858475,463.304199,163.259476,608.000000,295.996765
38264_23639,ASCUS,0.106676,ASCUS,0.8742893,179.334747,215.862640,278.050262,370.925812
38264_23639,ASCUS,0.091545,ASCUS,0.85229075,30.726677,173.804092,204.931366,419.107727
38264_23639,ASCUS,0.081187,ASCUS,0.9801404,13.709618,227.294571,141.118988,342.306946
13944_40663,ASCUS,0.692653,ASCUS,0.9967404,307.376129,226.234695,470.180573,393.779602
13944_40663,ASCUS,0.059315,ASCUS,0.9999962,1.000000,13.139629,190.865204,123.173706
13944_40663,ASCUS,0.129143,ASCUS,0.99772733,468.727539,217.519104,579.284790,384.431519
21848_49175,ASCUS,0.953132,ASCUS,0.99999917,1.000000,310.786011,182.244644,538.443848
40696_35799,ASCUS,0.078679,ASCUS,0.9223601,480.238342,433.760376,585.688416,585.163818
13944_27895,ASCUS,0.012439,ASCUS,0.99995446,1.000000,24.746857,280.782288,216.021637
13944_27895,ASCUS,0.899315,ASCUS,0.94705534,50.058098,298.692413,247.736267,432.440765
34008_40055,ASCUS,0.077881,ASCUS,0.96576715,1.000000,294.223175,89.275002,468.839203
34008_24247,ASCUS,0.008984,ASCUS,0.99997663,27.129303,216.539764,277.967499,605.956909
26712_32151,ASCUS,0.016624,ASCUS,0.9999347,390.682068,5.778503,563.469177,149.925842
47384_13303,ASCUS,0.181845,ASCUS,0.99994195,16.961784,204.694260,135.120331,318.209473
47384_13303,ASCUS,0.626502,ASCUS,0.96821636,425.508118,231.474289,592.277954,386.542603
30360_32759,ASCUS,0.179086,ASCUS,0.97506475,16.233650,375.236023,140.189575,595.535645
20632_25463,ASCUS,0.062394,ASCUS,0.9808683,62.921104,272.729614,266.160278,410.652527
20632_25463,ASCUS,0.979811,ASCUS,0.9988356,380.511108,266.888733,492.426758,522.364380
51032_28503,ASCUS,0.980015,ASCUS,0.42196238,299.014832,393.297424,480.443237,575.368591
51032_28503,ASCUS,0.103248,ASCUS,0.99972576,238.080124,334.147522,395.163208,475.356201
33400_47959,ASCUS,0.183025,ASCUS,0.99992967,452.361511,308.532837,582.914856,485.485535
33400_47959,ASCUS,0.970126,ASCUS,0.99480647,322.586639,505.225891,440.796844,606.325867
33400_47959,ASCUS,0.961507,ASCUS,0.91719,315.243988,397.708710,411.989471,523.503784
33400_47959,ASCUS,0.949290,ASCUS,0.99922335,397.618347,399.709229,509.784180,570.737305
33400_47959,ASCUS,0.155476,ASCUS,0.9637389,1.000000,173.228683,159.485962,300.682251
43128_31543,ASCUS,0.598739,ASCUS,0.9759557,510.583679,144.901184,601.691345,313.523193
43128_31543,ASCUS,0.767034,ASCUS,0.9998467,119.101143,1.000000,306.337158,104.744751
26104_37015,ASCUS,0.144669,ASCUS,0.9972082,100.656891,488.785370,229.154327,608.000000
26104_37015,ASCUS,0.990231,ASCUS,0.9998462,292.825317,17.245403,401.184753,118.577316
12728_23031,ASCUS,0.063086,ASCUS,0.57491666,369.371613,162.570358,424.652374,232.794510
12728_23031,ASCUS,0.024820,ASCUS,0.97284734,348.780579,329.351654,446.382751,398.001068
12728_23031,ASCUS,0.980095,ASCUS,0.5927321,256.063232,268.740997,379.827271,413.649078
12728_23031,ASCUS,0.995001,ASCUS,0.99930155,261.779846,387.560822,418.576843,518.405640
12728_23031,ASCUS,0.857002,ASCUS,0.5207328,465.800812,122.029907,582.899597,224.427490
29144_47351,ASCUS,0.267436,ASCUS,0.9694462,242.170685,17.595829,293.385468,86.578842
29144_47351,ASCUS,0.218720,ASCUS,0.99837047,174.699600,39.395569,283.857483,130.129135
29144_47351,ASCUS,0.732001,ASCUS,0.98590785,141.899094,386.008484,317.005310,553.502380
29144_47351,ASCUS,0.093112,ASCUS,0.9915981,151.889389,90.703766,257.163635,176.392395
10296_38231,ASCUS,0.972737,ASCUS,0.9955154,92.267097,67.459335,239.585693,181.968735
25496_52215,ASCUS,0.891459,ASCUS,0.962935,54.162270,125.169250,242.785370,381.874603
35224_40055,ASCUS,0.105118,ASCUS,0.94706583,99.630676,37.706390,164.128632,117.203018
35224_40055,ASCUS,0.877117,ASCUS,0.99663806,116.767967,58.974457,261.201721,157.705597
38872_19991,ASCUS,0.971724,ASCUS,0.8966728,307.755615,257.123779,502.448181,425.543335
11512_13303,ASCUS,0.974656,ASCUS,0.99793255,283.952026,352.710663,446.118103,506.684784
42520_36407,ASCUS,0.258944,ASCUS,0.9895901,266.884003,168.083130,433.846710,369.981079
11512_40055,ASCUS,0.033954,ASCUS,0.99999475,499.428497,122.468796,582.577148,255.619339
22456_24247,ASCUS,0.994060,ASCUS,0.9992556,320.047180,176.012787,457.397888,345.220001
19416_40055,ASCUS,0.108369,ASCUS,0.9870193,1.000000,371.239441,60.630299,535.290222
44952_23031,ASCUS,0.070093,ASCUS,0.9994512,421.296356,522.647278,535.297363,608.000000
8472_32151,ASCUS,0.052008,ASCUS,0.98612773,201.707657,11.215874,485.814087,192.589600
8472_32151,ASCUS,0.997316,ASCUS,0.999967,340.042236,273.776978,516.243164,439.133484
37656_27287,ASCUS,0.582070,ASCUS,0.9996203,55.553192,100.491547,227.296051,215.150726
37656_27287,ASCUS,0.844468,ASCUS,0.9970067,79.547913,192.298737,216.322845,314.050964
15768_10871,ASCUS,0.027079,ASCUS,0.9999893,350.451965,1.000000,491.948547,74.793747
28536_48567,ASCUS,0.092852,ASCUS,0.48874852,431.765350,135.352631,585.895752,289.767731
28536_48567,ASCUS,0.600491,ASCUS,0.96754026,405.617096,505.219513,517.259644,606.802368
28536_48567,ASCUS,0.728996,ASCUS,0.94293565,42.951363,367.727814,222.141266,508.096588
28536_48567,ASCUS,0.144837,ASCUS,0.9844557,39.521828,491.478729,226.524841,607.066650
44344_45527,ASCUS,0.707488,ASCUS,0.99940336,1.000000,260.105774,93.593781,405.064148
44344_45527,ASCUS,0.522362,ASCUS,0.6781642,339.588074,20.474968,518.168091,164.012268
50424_27895,ASCUS,0.905826,ASCUS,0.99999917,277.103973,387.614624,484.893707,516.022827
36440_30327,ASCUS,0.091480,ASCUS,0.99750656,233.302612,478.899780,369.734009,601.996704
21240_29111,ASCUS,0.897873,ASCUS,0.9858889,213.690689,201.498840,373.793335,352.490479
35832_15127,ASCUS,0.590829,ASCUS,0.99967635,15.688332,224.503906,263.211456,403.695007
35832_15127,ASCUS,0.335708,ASCUS,0.9723015,417.433105,21.291168,608.000000,281.118286
35832_15127,ASCUS,0.977058,ASCUS,0.9997576,259.525696,493.050781,354.702209,608.000000
38872_35799,ASCUS,0.877163,ASCUS,0.99987745,257.780640,393.198059,423.631348,593.786926
38872_35799,ASCUS,0.221986,ASCUS,0.99923456,7.386570,297.957367,115.653152,464.321991
20632_52823,ASCUS,0.069469,ASCUS,0.8782696,152.541122,6.512867,354.196594,115.052414
41304_26071,ASCUS,0.096904,ASCUS,0.99998736,516.815186,134.928101,608.000000,241.028015
36440_27287,ASCUS,0.151709,ASCUS,0.86653364,361.280579,185.683716,481.957520,336.760681
36440_27287,ASCUS,0.500885,ASCUS,0.83143264,381.278595,68.161942,507.232758,197.397171
36440_27287,ASCUS,0.596331,ASCUS,0.99152786,224.384277,395.625092,362.074951,507.905304
33400_26071,ASCUS,0.968388,ASCUS,0.9714086,6.383987,49.808334,263.236084,351.429993
33400_26071,ASCUS,0.495644,ASCUS,0.9990909,102.364403,433.788849,229.268951,582.978455
37048_47959,ASCUS,0.100308,ASCUS,0.9887756,567.067749,90.279175,608.000000,177.148590
37048_47959,ASCUS,0.888780,ASCUS,0.7965537,237.026215,384.066193,413.540497,554.790955
37048_47959,ASCUS,0.624975,ASCUS,0.9968796,475.825226,70.164749,591.140564,180.491257
12728_47351,ASCUS,0.809193,ASCUS,0.9769976,1.000000,308.726532,259.734772,608.000000
31576_39447,ASCUS,0.543307,ASCUS,0.9256349,222.428497,246.828415,334.400970,402.354736
29752_31543,ASCUS,0.055316,ASCUS,0.971203,500.904266,341.289032,580.080505,421.309479
29752_31543,ASCUS,0.198128,ASCUS,0.52823144,463.862152,266.782257,569.813965,366.493378
13336_44311,ASCUS,0.168490,ASCUS,0.9997571,225.217941,174.550278,408.908203,315.050537
14552_9047,ASCUS,0.638660,ASCUS,0.99999046,247.235626,209.377975,355.850616,311.017212
14552_9047,ASCUS,0.093535,ASCUS,0.9995005,402.917847,175.853912,582.774658,250.148529
46776_41879,ASCUS,0.904039,ASCUS,0.9703537,436.095337,314.680237,581.489197,494.368225
46776_41879,ASCUS,0.378071,ASCUS,0.99894196,57.588409,107.349831,160.594696,170.952393
46776_41879,ASCUS,0.053357,ASCUS,0.46358195,52.480804,106.422241,196.503311,223.158783
24280_40663,ASCUS,0.054844,ASCUS,0.9994282,40.526001,1.073719,210.262146,72.504028
37048_50391,ASCUS,0.289090,ASCUS,0.7676109,213.135315,104.407791,311.062866,256.988770
39480_23639,ASCUS,0.009921,LSIL,0.5381674,1.107941,152.249268,121.338646,320.998352
24280_16343,ASCUS,0.082506,ASCUS,0.56547403,448.255249,224.776581,550.221802,410.376984
24280_16343,ASCUS,0.990185,ASCUS,0.999705,155.863220,40.470558,302.154938,194.142609
39480_27287,ASCUS,0.061388,ASCUS,0.9998604,248.674438,157.279800,352.629944,237.347122
39480_27287,ASCUS,0.013841,LSIL,0.822607,220.087296,274.097839,439.033691,442.635925
49208_17559,ASCUS,0.540708,ASCUS,0.7693599,24.176338,380.772888,225.775177,526.749512
44344_46743,ASCUS,0.928277,ASCUS,0.9981281,266.313232,236.093201,457.305664,455.890320
44344_46743,ASCUS,0.090166,ASCUS,0.9999161,75.682144,468.243347,221.293472,584.027039
33400_20599,ASCUS,0.985466,ASCUS,0.93406916,6.935425,151.905945,263.405670,371.432800
14552_24247,ASCUS,0.398234,ASCUS,0.99813473,194.178955,164.320389,330.808167,405.872253
34008_19383,ASCUS,0.084232,ASCUS,0.99152815,44.934029,467.434265,236.999878,599.181335
34008_27287,ASCUS,0.012301,LSIL,0.7614916,428.658051,424.753082,556.579468,526.284058
50424_40663,ASCUS,0.217866,ASCUS,0.5180094,246.088593,93.246506,452.527313,253.323776
47384_36407,ASCUS,0.011399,ASCUS,0.9997168,98.667007,255.312820,365.755249,561.867920
25496_38231,ASCUS,0.052316,ASCUS,0.9942299,1.000000,379.302765,122.621971,608.000000
32184_25463,ASCUS,0.831665,ASCUS,0.9568746,241.376190,1.000000,483.209686,378.813293
13944_18167,ASCUS,0.908440,ASCUS,0.82947284,287.378326,245.717758,443.050751,389.028442
13944_18167,ASCUS,0.055342,ASCUS,0.57318014,265.439117,217.268555,400.062836,336.036255
26104_16343,ASCUS,0.059676,ASCUS,0.555225,550.441406,243.395020,608.000000,454.328369
4824_29111,ASCUS,0.015320,LSIL,0.7126882,223.842743,242.033646,393.576569,407.481567
24888_52215,ASCUS,0.919824,ASCUS,0.9650553,124.106911,316.378418,343.642120,558.906189
32184_12695,ASCUS,0.065033,ASCUS,0.8492599,7.694466,81.871368,167.621582,446.504913
32184_12695,ASCUS,0.115929,ASCUS,0.9014025,73.295181,246.316681,160.028946,388.796478
17592_28503,ASCUS,0.949784,ASCUS,0.9527099,316.032990,191.418228,447.020111,330.079590
17592_28503,ASCUS,0.656345,ASCUS,0.53969556,325.771973,306.134216,523.550964,536.371643
26712_30935,ASCUS,0.007275,ASCUS,0.9898206,227.498672,276.953552,389.774536,421.713806
45560_19991,ASCUS,0.384320,ASCUS,0.99802125,367.210022,150.834991,520.401428,310.006378
22456_26071,ASCUS,0.084508,ASCUS,0.99836797,2.976593,457.396454,86.185745,594.146118
40088_30935,ASCUS,0.976083,ASCUS,0.99999845,195.226791,327.823547,463.402710,591.412598
40088_30935,ASCUS,0.968995,ASCUS,0.98684895,302.590240,90.411049,488.983856,311.884766
23672_13303,ASCUS,0.254507,ASCUS,0.9999076,345.002106,130.236359,450.366852,264.836151
33400_47351,ASCUS,0.994001,ASCUS,0.91422904,1.000000,161.500900,155.306732,462.516846
16984_21815,ASCUS,0.125546,ASCUS,0.91246814,421.671173,220.322708,608.000000,501.365234
38264_8439,ASCUS,0.155693,ASCUS,0.6901059,499.617310,160.359573,608.000000,528.022827
38872_45527,ASCUS,0.592465,ASCUS,0.99930155,471.393494,271.054260,581.851990,424.545715
9688_37623,ASCUS,0.985291,ASCUS,0.99973375,95.615486,227.398010,216.408173,324.867920
24888_27895,ASCUS,0.774342,ASCUS,0.9994879,118.697693,506.424805,214.729218,608.000000
24888_27895,ASCUS,0.106302,ASCUS,0.99912447,531.354553,136.115646,600.097351,289.740784
21240_27895,ASCUS,0.781125,ASCUS,0.5705496,439.908295,302.395508,511.165863,459.276062
21240_26071,ASCUS,0.574538,ASCUS,0.99973434,272.625763,4.272118,376.312469,117.908638
21240_26071,ASCUS,0.054247,ASCUS,0.9986958,427.841675,311.880676,526.331604,434.635193
26104_9047,ASCUS,0.053964,ASCUS,0.9982298,441.287201,456.035614,547.912537,564.100586
42520_12695,ASCUS,0.337038,ASCUS,0.9996741,391.708344,93.868011,531.480164,190.196960
15768_31543,ASCUS,0.506177,ASCUS,0.9998832,446.464233,9.847519,603.126099,190.438278
27320_24855,ASCUS,0.020251,ASCUS,0.9991566,421.869110,103.258736,595.916626,243.040558
15768_15735,ASCUS,0.998356,ASCUS,0.999793,364.113159,119.786263,558.062561,305.328735
11512_45527,ASCUS,0.255774,ASCUS,0.9960848,401.813965,21.707722,608.000000,115.342712
11512_45527,ASCUS,0.398977,ASCUS,0.8835175,384.380463,103.337379,538.468262,260.422241
11512_45527,ASCUS,0.150238,ASCUS,0.99956125,337.985352,354.612671,503.936890,489.726318
11512_45527,ASCUS,0.124304,ASCUS,0.9812661,508.470337,76.820602,607.865356,237.471420
34616_41271,ASCUS,0.829571,ASCUS,0.99957246,325.094086,394.774384,514.912109,574.061340
34616_41271,ASCUS,0.225972,ASCUS,0.9989889,213.919525,324.020447,403.915985,467.997009
22456_47959,ASCUS,0.739954,ASCUS,0.96327955,140.907379,313.528961,302.007202,462.603668
22456_47959,ASCUS,0.998606,ASCUS,0.9200064,436.287109,77.121040,580.496826,223.255096
22456_47959,ASCUS,0.497770,ASCUS,0.9515784,488.328339,10.851288,608.000000,142.592468
22456_47959,ASCUS,0.129853,ASCUS,0.999892,277.333252,204.722977,387.542664,316.504150
30968_51607,ASCUS,0.040678,ASCUS,0.99999917,495.183502,556.254944,572.785461,604.776184
30968_51607,ASCUS,0.304957,ASCUS,0.95423216,395.821259,116.654640,559.054504,210.578827
45560_16343,ASCUS,0.083370,ASCUS,0.9998902,407.249969,417.721436,580.336731,596.911987
45560_16343,ASCUS,0.933386,ASCUS,0.99994266,188.840775,118.597733,333.510315,262.979126
34616_12087,ASCUS,0.177369,ASCUS,0.9966377,50.050919,449.019684,248.575546,599.807251
18808_41271,ASCUS,0.644931,ASCUS,0.94978267,121.001152,240.341980,211.784454,343.327637
19416_52823,ASCUS,0.951940,ASCUS,0.9999989,43.907959,1.000000,485.015686,192.576263
13336_35191,ASCUS,0.661721,ASCUS,0.9807422,63.149590,13.561966,201.845154,223.073090
18200_23639,ASCUS,0.149906,ASCUS,0.94272983,146.502670,4.933353,278.010925,117.361298
18200_23639,ASCUS,0.100455,ASCUS,0.9948061,496.221741,488.763733,604.542542,606.955505
31576_25463,ASCUS,0.051762,ASCUS,0.99902046,167.488739,289.099762,276.732788,441.558197
21848_14519,ASCUS,0.057532,ASCUS,0.9930917,338.696289,120.136612,512.772705,345.434753
21848_14519,ASCUS,0.153618,ASCUS,0.99999785,105.689224,145.167450,512.881958,408.065277
21848_14519,ASCUS,0.013568,ASCUS,0.5731186,119.318359,1.000000,498.126648,608.000000
32792_34583,ASCUS,0.421006,ASCUS,0.82605726,256.167267,331.701019,457.038788,478.633331
42520_41271,ASCUS,0.488404,ASCUS,0.7314208,361.356445,100.046082,576.522217,247.458466
42520_41271,ASCUS,0.844866,ASCUS,0.99963176,278.536194,464.968445,388.821899,585.545593
4824_25463,ASCUS,0.006242,ASCUS,0.94456786,63.425713,288.943451,234.164368,425.057465
20632_23639,ASCUS,0.591705,ASCUS,0.99364096,313.056580,427.552094,447.464844,605.815186
44344_46135,ASCUS,0.798820,ASCUS,0.85668796,173.513763,72.894974,397.704803,209.301529
44344_46135,ASCUS,0.860159,ASCUS,0.8582767,304.838715,1.000000,457.493561,99.937820
44344_46135,ASCUS,0.825859,ASCUS,0.9686792,45.343491,4.138351,323.397766,171.881622
44344_46135,ASCUS,0.346551,ASCUS,0.99900264,479.952393,306.407349,604.637451,471.143860
41912_16951,ASCUS,0.623952,ASCUS,0.81265056,382.330261,230.953644,595.315063,522.308228
41912_16951,ASCUS,0.404190,ASCUS,0.9999832,18.334839,441.410126,199.893433,591.680176
47384_13911,ASCUS,0.005479,ASCUS,0.914772,555.254517,414.600281,604.108643,604.412903
23064_27287,ASCUS,0.062695,ASCUS,0.99992037,240.559311,1.000000,473.356812,91.034454
23064_27287,ASCUS,0.164395,ASCUS,0.999355,20.619656,492.178986,137.481567,607.701721
23064_43095,ASCUS,0.987470,ASCUS,0.9993463,200.094971,98.734589,490.407166,336.957489
34616_43703,ASCUS,0.454704,ASCUS,0.97041714,379.445770,6.813656,591.076294,131.367538
14552_44311,ASCUS,0.845523,ASCUS,0.9621197,527.741943,194.011658,602.767090,312.025024
14552_44311,ASCUS,0.082744,ASCUS,0.99432135,1.000000,183.953583,246.139832,274.012238
23064_20599,ASCUS,0.231872,ASCUS,0.9919316,498.186157,469.928345,599.312256,608.000000
6040_24247,ASCUS,0.688801,ASCUS,0.9998982,53.357307,513.807800,161.509186,598.078186
41912_40663,ASCUS,0.064431,ASCUS,0.9999871,505.235291,1.000000,607.470154,114.503189
37048_38231,ASCUS,0.991279,ASCUS,0.63962144,350.076904,157.505875,464.205444,286.324707
37048_38231,ASCUS,0.438245,ASCUS,1.0,8.839951,36.638016,268.602905,301.155334
37048_38231,LSIL,0.418748,LSIL,0.8534165,232.738220,378.233093,454.262939,602.938416
34616_18167,ASCUS,0.061945,ASCUS,0.93759197,457.555115,210.371155,608.000000,540.181335
34616_18167,ASCUS,0.163704,ASCUS,0.69807726,151.258759,242.201965,226.800537,327.564880
34616_18167,ASCUS,0.111382,ASCUS,0.96109015,138.144470,225.781952,192.901733,311.702606
29752_32759,ASCUS,0.606120,ASCUS,0.999961,16.983292,426.930573,152.724564,542.216919
41304_45527,ASCUS,0.923237,ASCUS,0.99992514,188.688095,1.000000,530.151367,184.400726
41304_45527,ASCUS,0.059669,ASCUS,0.96759605,492.357391,222.948364,606.615845,377.801514
29752_35191,ASCUS,0.999515,ASCUS,0.9999987,118.817947,100.842949,307.290955,277.975372
36440_44311,ASCUS,0.597189,ASCUS,0.9943282,183.446686,151.992798,385.831451,305.405090
36440_44311,ASCUS,0.142557,ASCUS,0.99877137,209.064850,137.386810,423.963226,240.211395
43736_30935,ASCUS,0.944800,ASCUS,0.9845301,26.872330,367.190247,223.171158,540.376221
43736_30935,ASCUS,0.480943,ASCUS,0.9978258,328.487000,12.648262,529.726318,173.981964
48600_31543,ASCUS,0.960335,ASCUS,0.98461074,443.253510,316.934845,606.584717,508.769623
17592_41879,ASCUS,0.351657,ASCUS,0.99995923,365.268066,5.836124,441.030640,101.391281
17592_41879,ASCUS,0.070929,ASCUS,0.99300355,1.355148,5.117245,39.028152,117.043335
24888_10871,ASCUS,0.896297,ASCUS,0.8209064,93.383621,314.162598,275.477112,601.367310
24888_10871,ASCUS,0.073925,ASCUS,0.9980204,425.519318,109.718025,578.196899,254.156067
23672_38839,ASCUS,0.022685,ASCUS,0.9877806,292.396637,33.114349,456.751007,280.052612
23672_38839,ASCUS,0.822572,ASCUS,0.9978393,1.000000,305.385559,155.223831,456.417908
12728_37623,ASCUS,0.476102,ASCUS,0.68738306,262.666565,1.000000,526.082214,323.574921
12728_37623,ASCUS,0.893087,ASCUS,0.9953898,282.011658,265.657043,539.239258,551.166504
12728_37623,ASCUS,0.008896,ASCUS,0.9945016,230.507263,59.068832,566.665771,495.955750
40088_39447,ASCUS,0.925189,ASCUS,0.9882428,260.204285,216.643646,462.832703,470.795868
40088_39447,ASCUS,0.429376,ASCUS,0.9997348,505.243835,23.132454,608.000000,146.453003
16376_31543,ASCUS,0.482397,ASCUS,0.99353117,62.832722,331.798340,173.356506,462.174866
16376_31543,ASCH,0.165507,ASCH,0.9843604,439.970642,429.997345,562.129456,523.898193
45560_37623,ASCUS,0.310118,ASCUS,0.99986136,114.172676,316.297241,357.299652,598.750000
45560_37623,ASCUS,0.073758,ASCUS,0.5240262,31.907768,338.612793,175.364319,603.028625
30968_29719,ASCUS,0.893107,ASCUS,0.99993074,413.030182,105.531090,599.368774,335.956207
24280_38839,ASCUS,0.240694,ASCUS,0.95879173,156.927429,3.978447,238.200043,72.756218
24280_38839,ASCUS,0.055862,ASCUS,0.99975044,287.642639,7.731117,410.199890,114.390366
12120_20599,ASCUS,0.999711,ASCUS,0.999949,75.932220,307.850830,189.825806,438.151917
12120_20599,ASCUS,0.652679,ASCUS,0.6415379,158.406082,274.858978,528.629761,478.844879
37048_37623,ASCUS,0.997474,ASCUS,0.9982463,167.773895,89.197113,451.610077,376.946136
22456_15127,ASCUS,0.070380,ASCUS,0.9999783,119.240189,357.217896,244.778610,501.150513
29752_12087,ASCUS,0.332127,ASCUS,0.6863402,267.724854,453.113953,431.235168,608.000000
29752_12087,ASCUS,0.178061,ASCUS,0.8506686,145.796097,17.264732,295.076782,183.969055
43128_32151,ASCUS,0.023820,ASCUS,0.9965565,7.389656,11.280510,163.067078,158.315186
43128_32151,ASCUS,0.728623,ASCUS,0.9853721,383.417908,475.584351,505.113159,607.839355
19416_29111,ASCUS,0.984161,ASCUS,0.999985,198.515198,105.084290,291.092072,253.848541
46776_20599,ASCUS,0.259292,ASCUS,0.8433292,433.978607,78.438240,585.134827,264.231659
37048_47351,ASCUS,0.986972,ASCUS,0.99992096,86.091064,173.168777,228.975647,314.754883
37048_47351,ASCUS,0.907077,ASCUS,0.9606178,17.230705,232.445602,120.419548,354.566650
37048_47351,ASCUS,0.011657,LSIL,0.58814514,1.973555,163.666367,40.397865,293.393860
38264_36407,ASCUS,0.784007,ASCUS,0.97528017,436.138794,433.823608,546.544006,599.687500
26104_41271,ASCUS,0.036197,ASCUS,0.6472383,10.753441,306.896149,196.901031,542.251831
26104_41271,ASCUS,0.554162,ASCUS,0.99999213,359.824921,115.088821,529.368286,295.276428
4824_27895,ASCUS,0.990232,ASCUS,0.90394354,350.918945,445.607513,554.056580,587.461060
4824_27895,ASCUS,0.052507,ASCUS,0.9690553,32.298096,251.482758,169.712631,431.031219
47992_34583,ASCUS,0.873033,ASCUS,0.99951243,400.403870,161.905121,570.928406,328.272644
38872_41271,ASCUS,0.005860,ASCUS,0.99996746,9.406525,53.912025,159.729462,162.109589
38872_41271,ASCUS,0.987984,ASCUS,0.83221644,330.395416,278.645020,402.068939,467.128601
5432_30935,ASCUS,0.989336,ASCUS,0.99488986,30.490738,32.560883,170.668610,199.956406
5432_30935,ASCUS,0.023895,LSIL,0.8993232,3.246471,53.260368,71.047073,196.585663
29144_13911,ASCUS,0.308396,ASCUS,0.9970258,209.640976,379.500854,478.981079,593.788757
32184_48567,ASCUS,0.045940,ASCUS,0.9997478,151.624100,14.766739,533.083740,330.181030
32184_48567,ASCUS,0.415714,ASCUS,0.89154136,509.870911,402.025421,604.012634,550.767029
37048_39447,ASCUS,0.608125,ASCUS,0.4706985,311.952698,168.718170,500.130432,335.855042
37048_39447,ASCUS,0.778117,ASCUS,0.9987054,430.239807,374.211548,602.893250,484.961792
12120_30935,ASCUS,0.995995,ASCUS,0.9991725,298.462158,106.546097,486.878784,329.184814
12120_30935,ASCUS,0.157709,ASCUS,0.8858751,1.000000,39.627380,77.941528,332.785583
26104_22423,ASCUS,0.697143,ASCUS,0.99856937,45.454346,6.779167,155.562866,98.545479
14552_10871,ASCUS,0.357364,ASCUS,0.9535479,5.937271,1.000000,196.590134,107.891113
32792_24247,ASCUS,0.240573,ASCUS,0.9510029,1.400902,461.101349,138.186584,604.399597
32792_24247,ASCUS,0.985545,ASCUS,0.98946255,302.179199,17.771133,442.497803,253.346115
18808_11479,ASCUS,0.642728,ASCUS,0.9999882,183.189911,118.610779,370.367950,306.183990
18808_11479,ASCUS,0.051245,ASCUS,0.99828076,401.374847,123.372101,488.734039,304.092560
12120_12087,ASCUS,0.643773,ASCUS,0.94348097,150.771484,428.639343,354.484680,541.508057
12120_12087,ASCUS,0.629152,ASCUS,0.9993166,79.489601,405.161011,220.257965,502.292114
30968_6615,ASCUS,0.694395,ASCUS,0.9970009,369.045380,187.153198,607.337402,366.851196
47384_45527,ASCUS,0.109594,ASCUS,0.7295388,419.994385,259.494751,597.221985,420.511475
29144_43095,ASCUS,0.990304,ASCUS,0.999451,1.000000,207.903076,244.344055,386.729797
44952_47351,ASCUS,0.183733,ASCUS,0.6239986,501.567719,57.098961,608.000000,224.136932
44952_47351,ASCUS,0.988186,ASCUS,0.9999604,1.000000,89.392082,104.799042,209.150787
44952_47351,ASCUS,0.057301,ASCUS,0.9968593,486.381378,366.702057,565.281860,556.473022
15160_26071,ASCUS,0.984025,ASCUS,0.8230173,21.598495,123.656036,219.475861,405.970123
15160_26071,ASCUS,0.866745,ASCUS,0.94264585,276.825439,189.258438,512.230225,469.491699
15160_26071,ASCUS,0.526714,ASCUS,0.9999745,480.580688,487.876221,608.000000,577.533691
35832_27895,ASCUS,0.389959,ASCUS,0.9983883,442.097778,441.220337,559.009766,559.059692
35832_27895,ASCUS,0.464803,ASCUS,0.93842494,260.698761,32.079231,453.580658,171.711304
27320_23639,ASCUS,0.071772,ASCUS,0.9985744,487.292633,6.611008,608.000000,144.872955
41912_26679,ASCUS,0.996473,ASCUS,0.99999416,296.831421,395.195679,485.359009,544.139709
27928_26071,ASCUS,0.694892,ASCUS,0.9953452,42.812622,124.362640,271.528076,255.918304
10904_23639,ASCUS,0.203370,ASCUS,0.50118864,105.148071,146.440582,238.522827,384.510834
38264_40055,ASCUS,0.450792,ASCUS,0.9866263,225.789307,351.271057,328.628540,539.399841
20632_47351,ASCUS,0.943311,ASCUS,0.80329704,337.433746,447.513245,522.148926,584.247620
20632_47351,ASCUS,0.847074,ASCUS,0.89079463,204.047714,75.381424,254.714890,159.655914
20632_47351,ASCUS,0.416389,ASCUS,0.99568117,208.770462,17.057457,261.396179,89.161789
24280_49783,ASCUS,0.300740,ASCUS,0.9841235,452.012085,83.847382,608.000000,214.036530
24280_49783,ASCUS,0.176277,ASCUS,0.91411287,92.377853,1.000000,191.748825,188.285614
47384_33975,ASCUS,0.049433,ASCUS,0.8134411,1.000000,279.981689,452.570190,480.203003
10904_21815,ASCUS,0.597125,ASCUS,0.95384955,18.082703,52.635704,224.977493,283.095001
10904_21815,ASCUS,0.496472,ASCUS,0.86652863,117.401527,115.871399,292.413574,279.263977
32792_44919,ASCUS,0.718833,ASCUS,0.9998085,212.143616,159.280243,310.891052,299.814026
32792_44919,ASCUS,0.085768,ASCUS,0.7340418,278.424347,309.551758,402.082794,484.025635
25496_44311,ASCUS,0.430284,ASCUS,0.97859794,196.859085,54.606857,524.022156,253.622482
25496_44311,ASCUS,0.955574,ASCUS,0.9950178,466.075775,484.737366,598.728760,595.087708
25496_44311,ASCUS,0.402445,ASCUS,0.9841776,465.512177,384.821320,600.388306,508.021942
29752_53431,ASCUS,0.950227,ASCUS,0.8404655,312.265472,107.803139,449.052216,256.114380
29752_53431,ASCUS,0.035018,LSIL,0.7572538,228.130783,51.076309,390.095215,199.105118
17592_38839,ASCUS,0.857775,ASCUS,0.9879023,319.264435,409.938873,505.873627,573.887512
7864_29719,ASCUS,0.454217,ASCUS,0.9005911,353.261597,243.856628,584.372070,359.262268
30360_49783,ASCUS,0.374670,ASCUS,0.5484452,97.308228,138.356339,235.966461,361.054199
30360_49783,ASCUS,0.813109,ASCUS,0.9899227,1.000000,288.066925,250.381439,599.708008
25496_52823,ASCUS,0.080171,ASCUS,0.9888037,127.468521,437.333252,315.103271,563.734314
25496_52823,ASCUS,0.243391,ASCUS,0.983591,85.443489,86.647400,184.215057,227.025177
48600_15735,ASCUS,0.104667,ASCUS,0.7602901,79.136765,143.601685,168.940842,316.446045
48600_15735,ASCUS,0.310854,ASCUS,0.9919443,192.867432,169.703064,392.837891,287.143188
48600_15735,ASCUS,0.071671,ASCUS,0.99981076,412.535706,552.189087,523.374634,607.764893
7256_19991,ASCUS,0.981601,ASCUS,0.99972063,396.262970,171.636215,606.157166,256.765198
7256_19991,ASCUS,0.513359,ASCUS,0.9998287,274.159088,159.262466,423.473053,401.273560
7256_19991,ASCUS,0.461769,ASCUS,0.9989993,461.952698,362.708923,602.738098,477.737549
43736_43095,ASCUS,0.945579,ASCUS,0.9992736,336.330688,333.101990,608.000000,580.137390
38264_26071,ASCUS,0.170808,ASCUS,0.99703085,27.739506,144.547775,128.166061,232.443283
24888_53431,ASCUS,0.541946,ASCUS,0.93024987,158.429474,232.220428,365.087616,385.240509
21848_32151,ASCUS,0.024446,LSIL,0.9999573,1.000000,356.050415,177.562439,563.169495
21240_35191,ASCUS,0.080441,ASCUS,0.97969615,392.136322,19.854416,512.408997,150.555771
40696_13911,ASCUS,0.257089,ASCUS,0.99950993,308.625793,108.473152,517.929871,270.893097
40696_13911,ASCUS,0.551189,ASCUS,0.59248,166.786484,286.855652,290.994263,378.549561
40696_13911,ASCUS,0.442911,ASCUS,0.9879538,139.686462,223.153046,270.683075,314.410126
12120_43095,ASCUS,0.655528,ASCUS,0.6358186,417.471558,118.999489,572.113281,291.382019
12120_43095,ASCUS,0.823409,ASCUS,0.9968432,278.943237,17.148460,432.533936,152.707581
12120_43095,ASCUS,0.015704,LSIL,0.48513168,165.976791,10.089703,226.275375,61.600163
45560_34583,ASCUS,0.006180,ASCUS,0.9249516,247.226349,222.895569,306.817352,328.576599
5432_32151,ASCUS,0.911698,ASCUS,0.99433964,305.656281,327.284729,440.703400,449.620178
33400_39447,ASCUS,0.991557,ASCUS,1.0,48.185074,73.721268,319.366577,418.434875
13944_39447,ASCUS,0.412267,ASCUS,0.99984765,73.497269,5.760891,193.773056,114.250000
13944_39447,ASCUS,0.702352,ASCUS,0.99992466,316.441650,193.417923,568.480591,401.015930
13944_39447,ASCUS,0.042732,HSIL,0.92204523,242.172699,295.098450,407.950348,466.240784
34008_48567,ASCUS,0.798417,ASCUS,0.99779415,53.679031,60.618202,278.973145,233.556000
37048_40055,ASCUS,0.992972,ASCUS,0.9391136,466.399994,346.158905,608.000000,513.640747
37048_40055,ASCUS,0.631113,ASCUS,0.99602973,1.000000,19.271999,167.012054,136.051025
54072_32151,ASCUS,0.274756,ASCUS,0.91537976,81.910789,260.875916,249.542145,491.551575
54072_32151,ASCUS,0.006718,LSIL,0.64718544,78.454025,271.100342,189.971024,364.263855
32792_51607,ASCUS,0.511394,ASCUS,0.8990935,399.350769,40.269241,606.159790,363.830383
32792_51607,ASCUS,0.912121,ASCUS,0.99558675,250.001678,377.016113,501.278595,572.403381
41912_30935,ASCUS,0.851244,ASCUS,0.9999641,179.214478,181.621597,478.769165,382.046753
9688_37015,ASCUS,0.946924,ASCUS,0.9992478,294.867889,203.621307,482.884369,316.448151
32792_37623,ASCUS,0.118841,ASCUS,0.9285066,423.474335,344.815552,551.522461,571.019958
32792_37623,ASCUS,0.993154,ASCUS,0.5902571,128.679016,1.000000,476.610474,377.594269
47992_31543,ASCUS,0.962149,ASCUS,0.99977523,277.892273,5.336380,608.000000,242.783615
47992_31543,ASCUS,0.174365,ASCUS,0.95681256,411.639282,273.607574,544.144714,441.556915
49816_18775,ASCUS,0.042378,ASCUS,0.9781305,186.997162,153.071091,332.984711,303.906555
10296_20599,ASCUS,0.027383,ASCUS,0.93515086,110.812325,236.509567,153.222565,271.074707
10296_20599,ASCUS,0.865651,ASCUS,0.97809416,349.475067,37.301514,477.767609,128.870331
10296_20599,ASCUS,0.355573,ASCUS,0.9978769,219.957443,134.567169,350.710693,229.585754
10296_20599,ASCUS,0.306569,ASCUS,0.99938905,123.119263,158.703873,206.896179,201.438950
10296_20599,ASCUS,0.173222,ASCUS,0.9999585,222.661652,206.778992,314.217499,255.286011
10296_20599,ASCUS,0.087243,ASCUS,0.9165315,129.406036,197.336914,216.125275,261.756866
31576_26679,ASCUS,0.064387,ASCUS,0.9171924,554.924805,479.574524,604.728027,554.331482
31576_26679,ASCUS,0.916368,ASCUS,0.8989748,217.603363,329.055115,368.018097,481.367920
31576_26679,ASCUS,0.386754,ASCUS,0.9997161,103.295563,229.943741,240.734985,352.349854
9688_35191,ASCUS,0.008239,ASCUS,0.99984884,104.984177,450.296112,224.797256,585.560791
9688_35191,ASCUS,0.443238,ASCUS,0.9366037,277.231262,464.891968,404.061279,602.654053
9688_35191,ASCUS,0.083523,ASCUS,0.85972714,38.684090,132.511826,180.310028,292.267456
21848_44311,ASCUS,0.022969,ASCUS,0.99999917,418.185272,13.804390,537.203857,124.621788
52248_37623,ASCUS,0.968749,ASCUS,0.99962187,21.782059,126.719864,323.675598,608.000000
52248_37623,ASCUS,0.064574,ASCUS,0.9972869,389.918091,414.792725,530.101807,553.345825
51640_18775,ASCUS,0.838767,ASCUS,0.99971396,207.668350,12.251617,361.467468,176.370468
51640_18775,ASCUS,0.013578,HSIL,0.5671964,40.312168,18.903908,163.093262,151.775818
16984_35799,ASCUS,0.117545,ASCUS,0.99869674,205.309296,49.232239,364.519867,187.344910
26104_43703,ASCUS,0.282103,ASCUS,0.7414441,86.662605,433.838623,259.626251,601.086426
26104_43703,ASCUS,0.688675,ASCUS,0.99945873,391.807251,261.307281,530.093140,388.020233
9688_35799,ASCUS,0.973321,ASCUS,0.988586,30.569328,98.279663,272.527344,430.417480
44952_19991,ASCUS,0.894323,ASCUS,0.9783061,415.933533,177.047745,599.446228,328.459656
37656_17559,ASCUS,0.097986,ASCUS,0.98949987,226.427368,113.566147,428.298035,352.110413
9688_41271,ASCUS,0.996959,ASCUS,0.99973196,198.671585,64.681778,418.857300,251.450302
9688_41271,ASCUS,0.181914,ASCUS,0.9997008,497.930908,21.038658,598.918457,150.400665
27928_38839,ASCUS,0.442263,ASCUS,0.9021786,456.593140,284.021545,608.000000,446.384521
27928_38839,ASCUS,0.364748,ASCUS,0.5096828,41.568024,326.103912,194.013443,499.545258
15768_18775,ASCUS,0.973276,ASCUS,0.9996674,246.041229,366.137543,404.300873,504.994415
26104_33975,ASCUS,0.600658,ASCUS,0.97729707,1.000000,173.158752,140.614563,285.455811
26104_33975,ASCUS,0.983539,ASCUS,0.9971431,291.047852,235.316589,421.502441,349.727112
26104_33975,ASCUS,0.822035,ASCUS,0.99110436,20.613045,55.968307,213.395264,210.736404
26104_33975,ASCUS,0.085991,ASCUS,0.67802,243.020264,292.108826,315.355347,371.989197
30968_21815,ASCUS,0.998342,ASCUS,0.9999521,226.699020,3.397400,327.386169,150.610397
16984_32759,ASCUS,0.592029,ASCUS,0.999003,416.843903,422.394592,507.072113,608.000000
16984_32759,ASCUS,0.588717,ASCUS,0.99889934,269.351807,1.573860,411.921875,184.052338
16984_32759,ASCUS,0.188675,ASCUS,0.9358315,533.018921,149.632294,608.000000,258.974670
23064_42487,ASCUS,0.811525,ASCUS,0.82559115,400.154419,4.563854,553.218140,102.725204
23064_42487,ASCUS,0.884270,ASCUS,0.99535286,175.601883,210.970093,362.760193,374.262512
9688_29719,ASCUS,0.988241,ASCUS,0.9999995,308.621460,237.343964,486.644043,449.118317
9688_29719,ASCUS,0.104166,ASCUS,0.99943084,524.983032,28.794090,607.436646,110.605385
20024_16343,ASCUS,0.031333,ASCUS,0.9989679,5.623131,162.719910,164.625580,295.522522
41304_39447,ASCUS,0.051486,ASCUS,0.9741799,1.324528,254.948257,87.836258,395.267822
40696_18775,ASCUS,0.193403,ASCUS,0.9455022,213.472565,365.203186,387.441498,541.825806
11512_26071,ASCUS,0.049659,ASCUS,0.9874467,257.866974,94.818909,460.149628,370.300934
11512_26071,ASCUS,0.054644,ASCUS,0.97784126,211.728943,342.590881,312.187744,448.062317
11512_26071,ASCUS,0.849008,ASCUS,0.9226799,134.165512,22.012794,356.466492,179.868317
20024_45527,ASCUS,0.949247,ASCUS,0.9972384,329.403168,284.382996,529.934570,446.256653
22456_28503,ASCUS,0.946781,ASCUS,0.8353605,290.881409,206.374817,456.381287,379.106873
39480_30327,ASCUS,0.221995,ASCUS,0.96932834,3.092686,109.777603,71.941330,285.144226
39480_30327,ASCUS,0.844702,ASCUS,0.99996555,352.020264,346.463074,505.628723,510.300354
37656_20599,ASCUS,0.112214,ASCUS,0.99852765,102.296150,436.676025,177.320984,564.437195
30968_11479,ASCUS,0.954251,ASCUS,0.9985215,402.503418,144.416626,566.758301,346.290222
30968_11479,ASCUS,0.261425,ASCUS,0.9922988,110.552940,14.027126,317.452423,123.599396
10296_41271,ASCUS,0.991864,ASCUS,0.99947697,180.651550,218.050812,327.044312,472.385712
10296_41271,ASCUS,0.478561,ASCUS,0.9796438,35.539574,28.921082,216.503113,186.908035
51032_35191,ASCUS,0.058976,ASCUS,0.9646056,103.966293,1.000000,454.620117,98.352463
51032_35191,ASCUS,0.052525,ASCUS,0.9596992,293.663086,274.849243,608.000000,543.960510
25496_23031,ASCUS,0.014840,LSIL,0.9872563,472.006653,211.543152,607.576111,343.179810
10296_35191,ASCUS,0.942267,ASCUS,0.97805345,355.576569,389.691956,501.752899,548.305969
21848_22423,ASCUS,0.222513,ASCUS,0.925409,233.550781,302.587860,305.268982,394.169708
16376_32759,ASCUS,0.979502,ASCUS,0.99997604,156.279022,400.639832,408.544891,603.122375
7256_34583,ASCUS,0.365672,ASCUS,0.9965754,321.280029,431.433960,597.012817,582.706604
21848_13303,ASCUS,0.082311,ASCUS,0.99102014,249.450165,317.325623,352.706512,492.682068
32184_5399,ASCUS,0.034237,ASCUS,0.9716465,81.722206,330.581177,216.107269,432.094788
40088_17559,ASCUS,0.854079,ASCUS,0.987861,30.551880,19.064758,277.049805,254.765503
40088_17559,ASCUS,0.075584,ASCUS,0.9979698,538.704956,515.465515,595.392334,597.031189
23672_33367,ASCUS,0.897357,ASCUS,0.8288755,292.787354,1.000000,405.000427,126.314331
43736_30327,ASCUS,0.057837,ASCUS,0.9939989,92.598465,343.626221,317.336975,482.619629
43736_30327,ASCUS,0.269601,ASCUS,0.8899949,377.629913,13.002296,576.934204,173.416931
44344_39447,ASCUS,0.934683,ASCUS,0.9999907,349.942719,198.838852,572.313232,305.850616
44344_20599,ASCUS,0.950401,ASCUS,0.9966838,369.249878,288.032501,535.807678,457.807648
44344_20599,ASCUS,0.087469,ASCUS,0.82613087,187.068237,209.694336,288.796265,344.854736
14552_30935,ASCUS,0.017205,ASCUS,0.99870515,26.278179,476.968048,78.152603,544.030518
16376_49783,ASCUS,0.074761,ASCUS,0.9156012,196.277588,95.270660,373.982178,250.601837
27320_40055,ASCUS,0.993829,ASCUS,0.9658247,269.630951,237.202148,410.106720,398.250488
6648_26071,ASCUS,0.931894,ASCUS,0.91374373,206.953766,254.018280,411.345306,363.295990
12120_17559,ASCUS,0.074013,ASCUS,0.76769555,335.516693,224.874084,551.455811,564.676819
12120_17559,ASCUS,0.723661,ASCUS,0.9985928,1.000000,222.781998,119.167923,496.999756
38264_50999,ASCUS,0.910953,ASCUS,0.9681303,396.330597,240.709976,526.608154,440.463501
38264_50999,ASCUS,0.229857,ASCUS,0.9999893,142.661652,464.616241,248.441162,601.687500
9080_27895,ASCUS,0.970577,ASCUS,0.9914493,338.301270,298.950256,471.446777,522.746826
9080_27895,ASCUS,0.185524,ASCUS,0.97715145,7.242813,150.651672,147.892014,324.835083
44344_44311,ASCUS,0.224248,ASCUS,0.9828318,45.775711,181.850525,236.334152,324.830536
35832_26071,ASCUS,0.092891,ASCUS,0.9985714,99.542694,220.537048,311.040100,351.959351
30360_23031,ASCUS,0.601021,ASCUS,0.95884985,338.878143,123.999947,533.854370,237.803894
30360_23031,ASCUS,0.168102,ASCUS,0.75712365,406.216461,55.433559,500.180023,128.995270
30360_23031,ASCUS,0.166308,ASCUS,0.9289933,474.173279,39.360420,561.764465,194.030182
30360_23031,ASCUS,0.090519,ASCUS,0.65822774,345.954529,86.813354,464.062012,181.281464
18200_25463,ASCUS,0.392517,ASCUS,0.505411,1.000000,150.396881,96.403595,245.082153
38264_30935,ASCUS,0.138734,ASCUS,0.86482984,145.965012,255.704254,278.865845,456.882782
52856_30935,ASCUS,0.919750,ASCUS,0.99961627,81.406677,461.917389,201.786621,586.501587
52856_30935,ASCUS,0.745565,ASCUS,0.99841654,6.696121,378.356262,102.685692,527.513977
52856_30935,ASCUS,0.873687,ASCUS,0.54129136,9.647560,476.022369,112.492050,592.625183
43128_18775,ASCUS,0.444812,ASCUS,0.99995184,164.908234,444.804749,262.283966,606.109314
34008_18775,ASCUS,0.754696,ASCUS,0.9511642,165.150177,146.331604,323.513458,325.619629
34008_18775,ASCUS,0.278414,ASCUS,0.9973049,411.107697,472.419220,525.684631,561.758911
34008_18775,ASCUS,0.156942,ASCUS,0.96701574,283.897339,287.692780,478.719971,425.882721
34008_18775,ASCUS,0.251558,ASCUS,0.99976844,62.352169,4.179844,169.547424,83.648041
34008_18775,ASCUS,0.093700,ASCUS,0.99862516,131.402710,540.117676,228.898956,602.984741
44952_21207,ASCUS,0.395926,ASCUS,0.99984574,1.000000,12.809425,177.770859,172.198456
23064_38839,ASCUS,0.396845,ASCUS,0.9999181,144.688110,135.904785,392.091858,487.980774
35832_46743,ASCUS,0.702218,ASCUS,0.9989329,108.458496,297.566254,235.519257,483.383575
35832_46743,ASCUS,0.990052,ASCUS,0.99936646,202.119370,263.647858,288.098663,386.150299
26712_18167,ASCUS,0.669149,ASCUS,0.9999169,457.337830,25.806358,557.501770,91.833168
18200_38231,ASCUS,0.067164,ASCUS,0.99946064,131.938904,481.953308,261.606873,568.602600
34008_10871,ASCUS,0.993872,ASCUS,0.99959177,240.433502,92.255913,443.049713,266.935852
37048_29111,ASCUS,0.474619,ASCUS,0.99995077,332.986816,503.763947,431.475586,608.000000
36440_38231,ASCUS,0.008487,ASCUS,0.9996971,27.956379,47.419373,128.087631,170.627441
35832_15735,ASCUS,0.814361,ASCUS,0.99018854,280.010925,487.783478,498.929565,608.000000
35832_15735,ASCUS,0.842714,ASCUS,0.9965618,211.322296,239.849991,389.353058,312.391144
35832_15735,ASCUS,0.070231,ASCUS,0.9994941,335.947754,359.062744,410.432983,435.494812
51032_32759,ASCUS,0.024715,LSIL,0.9773916,136.680908,504.635468,337.337341,608.000000
30360_15735,ASCUS,0.112239,ASCUS,0.9999546,325.966522,2.887411,434.261505,53.676506
30360_15735,LSIL,0.188713,LSIL,0.86941737,227.597137,140.150879,407.887421,316.026428
11512_16951,ASCUS,0.306750,ASCUS,0.95974344,96.067307,86.191406,234.578812,275.218445
24888_49175,ASCUS,0.305165,ASCUS,0.5318321,332.345581,80.256813,460.116333,292.475006
24888_49175,ASCUS,0.526546,ASCUS,0.9604753,423.242523,33.958778,593.509033,241.250702
24888_49175,ASCUS,0.994542,ASCUS,0.9808811,454.434448,425.469116,581.513550,574.087158
24888_46135,ASCUS,0.436333,ASCUS,0.8099999,41.369385,421.231079,162.706467,547.777283
24888_46135,ASCUS,0.451838,ASCUS,0.70284754,7.463867,20.941803,210.200089,163.272278
37048_24247,ASCUS,0.910857,ASCUS,0.9997029,233.973816,419.182129,517.905823,598.806702
28536_49783,ASCUS,0.838811,ASCUS,0.9999999,457.257935,51.830803,561.381165,213.366730
28536_49783,ASCUS,0.966910,ASCUS,0.99689484,61.341537,368.121521,237.808670,504.416077
49816_36407,ASCUS,0.645266,ASCUS,0.9980216,396.617676,72.336365,541.138000,195.408417
47384_32759,ASCUS,0.159159,ASCUS,0.99904317,1.000000,378.927673,120.939400,512.944641
47384_32759,ASCUS,0.562105,ASCUS,0.9738816,224.008347,318.689026,395.295227,477.132324
47384_32759,ASCUS,0.590934,ASCUS,0.9954638,494.306641,129.135590,600.710205,233.140045
47384_32759,ASCUS,0.233973,ASCUS,0.9828556,406.732391,95.267136,500.210480,204.785019
47384_32759,ASCUS,0.088251,ASCUS,0.90241385,436.479431,57.988579,547.402466,158.887817
38264_30327,ASCUS,0.772062,ASCUS,0.9999883,325.750183,131.982910,433.961670,311.466736
52856_21815,ASCUS,0.970169,ASCUS,0.9464343,1.000000,297.810486,255.761993,526.839783
51032_18775,ASCUS,0.072755,ASCUS,0.8843855,126.353973,191.408005,274.295959,430.000549
21240_19383,ASCUS,0.998909,ASCUS,0.9999769,280.412048,32.303947,420.181885,166.442902
21240_19383,ASCUS,0.733618,ASCUS,0.9989446,61.684845,378.222565,169.675797,494.159515
21240_19383,ASCUS,0.154821,ASCUS,0.9226088,101.378036,472.704102,275.358826,593.371460
8472_39447,ASCUS,0.267671,ASCUS,0.97804374,332.482910,539.167419,430.734314,608.000000
20024_38839,ASCUS,0.090083,ASCUS,0.99930656,284.213104,358.772369,396.344818,483.505646
11512_14519,ASCUS,0.211685,ASCUS,0.97151214,264.998657,235.688080,415.774170,415.811798
10904_29719,ASCUS,0.029901,ASCUS,0.9868932,384.868896,63.886871,554.393616,233.560150
16984_24855,ASCUS,0.068487,ASCUS,0.544878,365.939148,284.444214,507.590759,479.590332
16984_24855,ASCUS,0.819688,ASCUS,0.99999285,22.000542,511.627197,129.178528,601.672607
43128_38231,ASCUS,0.641590,ASCUS,0.9972536,10.383209,485.678345,255.783661,608.000000
24280_15127,ASCUS,0.984129,ASCUS,0.9174752,208.966660,233.795334,322.907227,453.696411
49208_32759,ASCUS,0.129733,ASCUS,0.8461183,435.211945,370.316040,600.434692,608.000000
43128_48567,ASCUS,0.337930,ASCUS,0.9993181,98.601883,17.274208,184.428574,104.215736
43128_48567,ASCUS,0.290090,ASCUS,0.95368344,238.637070,402.214661,378.394897,569.157898
9688_13911,ASCUS,0.054308,ASCUS,0.9963915,107.257347,68.971970,269.318024,163.120132
44344_47351,ASCUS,0.900819,ASCUS,0.99999774,336.906616,320.127930,580.785156,589.262085
44344_47351,ASCUS,0.587937,ASCUS,0.9972434,7.350037,511.107056,114.572304,602.237305
31576_42487,ASCUS,0.985720,ASCUS,0.9947477,330.082520,41.662773,514.715698,226.994354
23064_29111,ASCUS,0.998728,ASCUS,0.97099394,43.857216,200.859085,290.287231,514.957642
23064_29111,ASCUS,0.119413,ASCUS,0.99886763,108.277763,139.978989,232.905151,607.521118
25496_24855,ASCUS,0.997695,ASCUS,0.9999995,94.522766,457.189087,219.816956,560.125610
3608_33975,ASCUS,0.010358,LSIL,0.63582104,248.409027,85.182686,353.707611,212.985626
18808_27287,ASCUS,0.069029,ASCUS,0.8013219,314.994019,43.812798,472.098633,292.056641
18808_27287,ASCUS,0.919364,ASCUS,0.9999678,422.124664,92.185150,526.272888,345.728210
18808_27287,ASCUS,0.113356,ASCUS,0.9999759,152.560577,182.699249,292.123596,292.087463
43128_45527,ASCUS,0.029634,ASCUS,0.9999895,137.204651,237.371826,395.677490,420.897766
16376_8439,ASCUS,0.369009,ASCUS,0.97130877,431.861816,368.158661,587.093628,505.638580
44344_26071,ASCUS,0.153160,ASCUS,0.9957425,236.395615,430.805695,395.872986,556.858643
37656_46743,ASCUS,0.904269,ASCUS,0.99997663,62.072449,177.678925,336.788391,384.612701
23672_7831,ASCUS,0.954896,ASCUS,0.99994755,345.402191,429.557739,561.353271,604.406738
20632_13911,ASCUS,0.925701,ASCUS,0.5148637,345.640930,140.622437,495.778015,317.352631
23672_40055,ASCUS,0.689523,ASCUS,0.99999046,125.643600,284.402313,251.497635,396.637909
23672_40055,ASCUS,0.117254,ASCUS,0.68233085,179.703705,163.826050,328.305237,295.004700
37048_49783,ASCUS,0.979470,ASCUS,0.9999982,341.827637,1.000000,579.666870,121.515556
7864_23031,ASCUS,0.946168,ASCUS,0.9996706,2.298592,184.100525,207.661621,535.876587
38264_40663,ASCUS,0.056089,ASCUS,0.9968347,279.042358,193.421295,435.378540,313.986786
30360_21815,ASCUS,0.099711,ASCUS,0.49220484,535.717224,78.395782,608.000000,386.700073
30360_21815,ASCUS,0.010539,ASCUS,0.98688936,261.968353,403.487793,371.621185,550.187988
45560_25463,ASCUS,0.669024,ASCUS,0.9859655,84.107391,150.902084,229.578766,339.275635
27320_42487,ASCUS,0.986433,ASCUS,0.99363756,281.786102,172.546448,491.637482,390.438660
39480_38839,ASCUS,0.963835,ASCUS,0.99278766,99.651917,375.188904,363.464569,603.790344
3608_27895,ASCUS,0.789467,ASCUS,0.7832912,355.204132,138.655075,454.105316,385.335083
49208_18775,ASCUS,0.021991,ASCUS,0.9981818,53.542358,123.473434,608.000000,481.644226
38264_52215,ASCUS,0.093374,ASCUS,0.9992643,60.002769,340.509705,206.557617,452.316284
38264_52215,ASCUS,0.126080,ASCUS,0.99956197,102.745331,2.307640,210.011139,134.420593
20632_12087,ASCUS,0.436877,ASCUS,0.885851,27.630371,136.329346,223.753113,275.223175
43128_10263,ASCUS,0.088300,ASCUS,0.9981895,66.682854,281.676788,229.795837,464.597870
43128_10263,ASCUS,0.050994,LSIL,0.8113017,28.805855,8.263901,158.418243,129.463211
9080_20599,ASCUS,0.304459,ASCUS,0.5168364,12.566513,374.097534,205.845093,500.230652
10904_24855,ASCUS,0.160319,ASCUS,0.99998915,379.109222,16.591324,590.789368,152.969589
44952_14519,ASCUS,0.889539,ASCUS,0.9064535,94.720444,284.224915,277.685852,562.421631
44952_14519,ASCUS,0.159447,ASCUS,0.96236825,155.626282,3.419075,367.354065,116.621902
53464_36407,ASCUS,0.417121,ASCUS,0.6988185,143.739899,4.470444,331.409302,87.584267
27320_39447,ASCUS,0.039745,ASCUS,0.9999808,239.087860,1.000000,517.485107,189.962494
7256_33367,ASCUS,0.129507,ASCUS,0.9999987,196.326508,478.246429,342.228302,604.217651
7256_33367,ASCUS,0.953527,ASCUS,0.9997986,458.186584,186.318069,608.000000,565.346924
51032_29111,ASCUS,0.997653,ASCUS,0.9986058,160.322464,115.166031,506.989929,545.853149
16376_15127,ASCUS,0.142613,ASCUS,0.99285394,324.152832,82.721962,421.563171,148.982513
16376_15127,ASCUS,0.094176,ASCUS,0.8846037,6.935608,88.768837,146.472260,241.919342
28536_49175,ASCUS,0.206787,ASCUS,0.99810946,464.517242,50.597023,566.113892,215.088745
31576_22423,ASCUS,0.395185,ASCUS,0.9944893,196.838165,431.555115,289.263214,599.593811
34008_15127,ASCUS,0.638353,ASCUS,0.9993431,90.294907,406.600586,320.480469,501.786011
36440_34583,ASCUS,0.037641,ASCUS,0.8873875,282.916351,10.865749,403.337738,95.084641
18200_33367,ASCUS,0.953213,ASCUS,0.9997298,150.340637,194.342651,290.171875,343.435852
41912_26071,ASCUS,0.956620,ASCUS,0.7042014,63.665794,98.908569,272.238434,454.554443
21240_47351,ASCUS,0.382966,ASCUS,0.99478275,171.585892,259.742981,285.914154,423.440674
54072_32759,ASCUS,0.063691,ASCUS,0.5890445,60.226036,197.980988,111.635002,310.198059
31576_9047,ASCUS,0.845451,ASCUS,0.99398166,4.476799,208.976288,167.447998,393.207245
22456_19991,ASCUS,0.940662,ASCUS,0.99768364,314.720825,432.367126,477.911316,570.734558
22456_22423,ASCUS,0.702329,ASCUS,0.9969584,511.836884,224.416977,575.558228,299.202881
22456_22423,ASCUS,0.151430,ASCUS,0.99456376,425.085815,143.237030,482.645081,219.344391
22456_22423,ASCUS,0.084247,ASCUS,0.952928,31.113258,360.101501,151.966278,513.642151
22456_22423,ASCUS,0.025532,ASCH,0.9926122,507.736176,185.828568,554.834717,242.195145
28536_10871,ASCUS,0.669317,ASCUS,0.99587387,311.244781,1.000000,499.536163,137.949142
46168_44919,ASCUS,0.822227,ASCUS,0.9999362,238.018402,7.662498,456.017731,233.567657
23064_35191,ASCUS,0.656466,ASCUS,0.99983895,410.937195,9.437981,509.908569,174.511627
23064_35191,ASCUS,0.682270,ASCUS,0.9991953,145.627823,262.224915,247.661179,385.661804
20632_48567,ASCUS,0.607423,ASCUS,0.76941085,251.437271,110.923836,431.550049,249.625488
28536_43095,ASCUS,0.696223,ASCUS,0.9968892,265.432007,366.161011,529.183594,473.455322
27928_32151,ASCUS,0.189384,ASCUS,0.66478604,345.144684,183.923584,464.764008,446.536499
9688_19991,ASCUS,0.295578,ASCUS,0.9515851,229.970154,203.988342,403.917175,381.879517
9688_19991,ASCUS,0.116071,ASCUS,0.99998987,329.554596,207.993835,404.074127,284.902344
37656_36407,ASCUS,0.807356,ASCUS,0.9998796,28.690689,182.001205,205.401169,356.707764
37656_36407,ASCUS,0.975301,ASCUS,0.9983205,217.158676,353.436615,270.366486,443.761261
10296_19991,ASCUS,0.998344,ASCUS,0.9990664,244.555511,445.539368,391.342560,554.837952
10296_19991,ASCUS,0.996837,ASCUS,0.9799653,388.246979,410.891968,518.594727,512.450012
10296_19991,ASCUS,0.990056,ASCUS,0.999418,377.754242,536.249512,466.046539,591.991089
10296_19991,ASCUS,0.938602,ASCUS,0.9994522,419.302368,494.206512,534.663574,571.519348
10296_19991,ASCUS,0.243024,ASCUS,0.8860315,412.060974,583.334106,493.354065,608.000000
10296_19991,ASCUS,0.197502,ASCUS,0.9979886,474.592865,504.724182,541.917786,577.232483
31576_18167,ASCUS,0.859571,LSIL,0.91564536,365.878906,15.255196,606.248962,253.893066
32792_22423,ASCUS,0.996244,ASCUS,0.99993086,425.383728,355.441193,510.451111,503.012421
32792_22423,ASCUS,0.121605,ASCUS,0.9534857,351.627594,440.147308,472.715668,561.715637
4824_30935,ASCUS,0.989458,ASCUS,0.9800294,56.091110,45.301750,210.320786,234.624908
4824_30935,ASCUS,0.631903,ASCUS,0.99956053,532.793701,48.590660,608.000000,217.989655
51032_41879,ASCUS,0.849145,ASCUS,0.9733445,390.689331,1.000000,578.461548,172.988434
17592_52215,LSIL,0.068698,LSIL,0.39765307,11.361206,28.921570,533.118652,450.971161
38264_23031,ASCUS,0.950064,ASCUS,0.7355491,158.941330,333.698639,361.532532,575.551880
21240_18167,ASCUS,0.294472,ASCUS,0.98949707,514.673645,235.782990,608.000000,382.722015
34616_8439,ASCUS,0.532519,ASCUS,0.998071,158.560989,18.130653,347.056458,183.148804
34616_8439,ASCUS,0.881298,ASCUS,0.99942684,442.441681,364.337585,557.491455,494.547302
15160_17559,ASCUS,0.012800,ASCUS,0.9955902,4.269226,102.696579,608.000000,560.334229
15768_37623,ASCUS,0.306692,ASCUS,0.99992716,309.225342,2.848526,438.882629,67.126884
15768_37623,ASCUS,0.135308,ASCUS,0.9890003,3.509827,90.431419,70.358170,255.521393
15768_37623,ASCUS,0.118032,ASCUS,0.9976615,291.608521,410.816101,485.319031,558.160217
15768_37623,ASCUS,0.055962,ASCUS,0.63745844,249.586349,373.001221,566.724609,576.460571
32184_28503,ASCUS,0.040519,ASCUS,0.5217898,16.513733,183.931503,290.377136,506.997131
29752_9655,ASCUS,0.044117,ASCUS,0.99947935,305.224976,157.544357,441.106506,268.664917
40088_27287,ASCUS,0.767317,ASCUS,0.9994418,360.891266,299.454865,545.780518,524.309265
39480_24247,ASCUS,0.274337,ASCUS,0.990422,154.121933,279.772614,273.342316,401.945099
31576_47351,ASCUS,0.390814,ASCUS,0.99999905,328.217072,359.011932,557.779968,608.000000
31576_47351,ASCUS,0.887476,ASCUS,0.9983606,1.391983,428.245178,153.404358,591.137085
28536_32151,ASCUS,0.005743,ASCUS,0.9519854,258.380554,206.528046,406.061584,396.483551
22456_17559,ASCUS,0.069706,ASCUS,0.9993358,35.886417,251.421844,103.610168,319.807892
46776_12087,ASCUS,0.019312,LSIL,0.99982053,250.655075,146.520935,450.607422,411.838318
30360_19991,ASCUS,0.008331,ASCUS,0.74811834,308.372742,27.434399,436.600403,143.649307
30360_19991,ASCUS,0.419749,ASCUS,0.83635557,394.702026,75.030121,527.226685,191.473297
30360_19991,ASCUS,0.941540,ASCUS,0.8016168,311.810394,80.832367,434.828644,184.920654
15768_39447,ASCUS,0.969272,ASCUS,0.95595515,520.417847,396.127380,607.680786,527.998901
20024_10871,ASCUS,0.993878,ASCUS,0.99991226,105.356110,434.520874,212.292419,538.732788
20024_10871,ASCUS,0.871555,ASCUS,0.9999552,58.494934,341.205750,177.434540,454.594055
20024_10871,ASCUS,0.845425,ASCUS,0.9999262,162.463821,327.028748,343.804199,483.584778
20024_10871,ASCUS,0.163056,ASCUS,0.9915358,471.220886,239.893585,608.000000,410.453217
42520_32151,ASCUS,0.722102,ASCUS,0.9999989,420.489288,376.868286,503.856537,498.783569
42520_32151,ASCUS,0.999817,ASCUS,0.99962366,264.407745,72.097870,399.286835,238.585907
46776_32151,ASCUS,0.781996,ASCUS,0.5779371,2.436150,47.765121,176.404022,383.421997
46776_32151,ASCUS,0.009114,LSIL,0.62476087,347.159058,10.797779,494.344543,112.453583
38264_25463,ASCUS,0.993444,ASCUS,0.9953908,46.854813,324.853394,316.211426,588.011047
39480_35191,ASCUS,0.418096,ASCUS,0.97753656,263.959076,323.895386,322.437775,392.554810
39480_35191,ASCUS,0.170625,ASCUS,0.9878819,206.449814,263.988525,283.226044,402.598572
39480_35191,ASCUS,0.122922,ASCUS,0.9999461,7.218605,131.486328,204.462128,336.383270
39480_35191,ASCUS,0.071608,LSIL,0.5750951,156.574692,411.340027,300.200684,606.689270
39480_35191,LSIL,0.541330,LSIL,0.8053711,263.959076,323.895386,322.437775,392.554810
43128_14519,ASCUS,0.997035,ASCUS,0.99997914,163.241089,262.212646,291.695251,483.666077
26104_18775,ASCUS,0.009905,ASCUS,0.9999924,358.993408,536.481140,414.377014,595.700500
26104_18775,ASCUS,0.893849,ASCUS,0.99997604,21.841621,19.582489,247.876923,245.941467
50424_41879,ASCUS,0.981128,ASCUS,0.9963689,329.709930,95.418816,510.401581,315.264862
38264_18167,ASCUS,0.816795,ASCUS,0.98394406,285.655212,435.212189,460.859436,597.788330
23064_9655,ASCUS,0.996290,ASCUS,0.99996185,4.428566,243.485352,133.902710,345.209351
23064_9655,ASCUS,0.811857,ASCUS,0.9738442,345.340881,320.626373,467.571472,473.261078
32184_21815,ASCUS,0.373660,ASCUS,0.99900335,17.643929,493.006775,152.390015,602.178040
32184_21815,ASCUS,0.731746,ASCUS,0.83380204,373.418457,377.876282,580.566223,495.687500
32184_21815,ASCUS,0.383571,ASCUS,0.9754892,302.064697,313.748108,397.334839,495.831055
29752_6007,ASCUS,0.219899,ASCUS,0.7938072,189.129868,397.057037,597.477478,579.842346
48600_26071,ASCUS,0.093830,ASCUS,0.9409191,320.369690,278.090820,554.226379,404.918091
48600_26071,ASCUS,0.133046,ASCUS,0.9999788,6.286552,164.200012,204.127380,461.323975
13336_47959,ASCUS,0.306620,ASCUS,0.9943355,1.000000,305.619324,91.015747,424.588684
13336_47959,ASCUS,0.141540,ASCUS,0.99548835,1.000000,403.893585,105.183701,534.197998
15768_13303,ASCUS,0.082607,ASCUS,0.9995173,62.520302,117.560600,249.597382,243.888733
15768_13303,ASCUS,0.574916,ASCUS,0.9990951,88.373047,282.522949,344.448364,501.126404
21240_44311,ASCUS,0.054890,ASCUS,0.9494428,356.582458,312.966370,485.846619,449.158142
21240_44311,ASCUS,0.924764,ASCUS,0.99848443,402.714203,211.643341,567.399780,358.866974
18808_33367,ASCUS,0.825005,ASCUS,0.9983783,1.000000,9.325630,184.787354,235.742157
18808_33367,ASCUS,0.183872,ASCUS,0.9979965,221.344193,491.960663,314.454559,605.828918
18808_33367,ASCUS,0.131061,ASCUS,0.99854773,264.841339,119.307190,387.059052,241.462311
11512_23031,ASCUS,0.015458,ASCUS,0.9999831,179.266815,78.762665,608.000000,608.000000
41912_12087,ASCUS,0.410483,ASCUS,0.9484531,336.392120,278.093994,489.599274,438.337891
41912_12087,ASCUS,0.182786,ASCUS,0.9806654,209.896759,55.455383,342.299225,159.611725
33400_38231,ASCUS,0.740202,ASCUS,0.99882895,526.003540,437.187958,606.254028,597.472778
33400_38231,ASCUS,0.111345,ASCUS,0.9747226,31.002449,45.333313,239.987885,326.318848
7864_28503,ASCUS,0.459872,ASCUS,0.71545273,377.272736,308.975342,530.659180,495.925415
7864_28503,ASCUS,0.995619,ASCUS,0.99387854,461.224792,440.889801,553.844666,578.847229
46776_29719,ASCUS,0.241364,ASCUS,0.9582578,383.835358,364.116455,584.874390,508.573792
46776_29719,ASCUS,0.876514,ASCUS,0.7858667,292.070343,4.641762,460.680634,217.537994
47992_18775,ASCUS,0.594409,ASCUS,0.7029007,124.948807,237.441620,225.112320,366.560333
43736_17559,ASCUS,0.772652,ASCUS,0.9981535,237.925278,69.343987,524.907104,299.411591
33400_31543,ASCUS,0.998401,ASCUS,0.9999378,168.873581,15.297764,305.006409,136.769623
33400_31543,ASCUS,0.227022,ASCUS,0.65474826,307.757446,262.779419,575.781433,558.214294
27928_13911,ASCUS,0.926705,ASCUS,0.5698341,387.482727,47.867249,525.755310,292.005371
24888_36407,ASCUS,0.558300,ASCUS,0.62010026,361.736633,148.033890,543.252014,324.497192
24888_36407,ASCUS,0.074589,ASCUS,0.99974436,170.085510,328.334808,240.868744,496.775421
43128_38839,ASCUS,0.035248,ASCUS,0.99987173,295.218140,460.818024,483.090515,588.539795
14552_42487,ASCUS,0.867383,ASCUS,0.9434647,227.182556,28.359123,398.635620,252.285187
14552_42487,ASCUS,0.724582,ASCUS,0.9954234,212.761597,383.829071,342.543701,571.270874
31576_29719,ASCUS,0.132520,ASCUS,0.9662288,229.947311,265.481903,523.511292,459.970917
31576_29719,ASCUS,0.011086,ASCUS,0.99997723,438.794250,281.537933,594.228821,449.559113
43736_38231,ASCUS,0.710321,ASCUS,0.99953127,37.277130,89.777412,369.803436,287.193420
43736_38231,ASCUS,0.879057,ASCUS,0.9997693,473.883301,356.652069,608.000000,548.695801
20024_52823,ASCUS,0.088535,ASCUS,0.8792342,15.082710,97.179230,156.823517,372.025116
20024_52823,ASCUS,0.102974,ASCUS,0.9653537,322.066956,319.484406,505.122375,473.193573
20024_52823,LSIL,0.539037,LSIL,0.9981047,15.082710,97.179230,156.823517,372.025116
14552_38231,ASCUS,0.980160,ASCUS,0.98568314,22.379448,321.261902,225.935547,458.308289
14552_38231,ASCUS,0.819697,ASCUS,0.95038056,362.410522,62.609283,495.314636,189.115341
21240_37015,ASCUS,0.959171,ASCUS,0.9941783,70.503654,279.615021,211.748047,398.887299
21240_37015,ASCUS,0.886201,ASCUS,0.99003285,449.098846,284.871490,608.000000,429.725433
25496_37623,ASCUS,0.984416,ASCUS,0.99984443,15.013180,368.298157,137.299500,459.559082
25496_37623,ASCUS,0.762066,ASCUS,0.99905723,1.072105,446.647858,136.528625,538.593262
54072_27895,LSIL,0.015568,HSIL,0.32266343,69.314621,215.504242,417.943237,584.964844
37048_25463,ASCUS,0.132310,ASCUS,0.7453134,1.000000,198.143326,42.751236,323.650238
37048_25463,ASCUS,0.068867,ASCUS,0.9810203,495.987915,160.212952,602.168945,298.102356
21848_6615,ASCUS,0.819629,ASCUS,0.9721754,145.358459,186.589386,314.322266,334.892303
21848_6615,ASCUS,0.005143,LSIL,0.5373198,165.255417,384.055206,458.299438,564.548828
22456_32151,ASCUS,0.828117,ASCUS,0.99079585,1.000000,388.459045,140.192230,566.104858
10904_40663,ASCUS,0.827570,ASCUS,0.9980432,171.624573,177.230148,270.710510,330.230225
44952_39447,ASCUS,0.023106,ASCUS,0.9999703,396.414093,332.553253,571.691101,511.613007
47384_25463,ASCUS,0.781395,ASCUS,0.98398316,186.547760,140.913086,319.103119,254.750824
47384_25463,ASCUS,0.779483,ASCUS,0.99015033,77.693428,164.345459,203.344696,296.121765
19416_30327,ASCUS,0.198467,ASCUS,0.99545825,135.361099,461.102844,291.219849,606.312439
19416_30327,ASCUS,0.096008,ASCUS,0.9826502,55.240234,253.660553,159.699753,504.220184
22456_47351,ASCUS,0.816455,ASCUS,0.8715954,275.212585,354.758820,439.339050,520.775635
26712_53431,ASCUS,0.053732,ASCUS,0.9857766,145.429871,475.169769,360.971954,605.681030
13336_34583,ASCUS,0.839731,ASCUS,0.89861685,10.073586,1.000000,176.233826,72.844353
12120_18775,ASCUS,0.999450,ASCUS,0.8943431,27.958878,414.532257,335.463928,558.174866
12728_18167,ASCUS,0.861867,ASCUS,0.8636328,114.473801,133.353210,561.276794,608.000000
12728_18167,ASCUS,0.080286,ASCUS,0.82879746,143.819748,195.691177,421.983948,536.399841
12728_24855,ASCUS,0.007220,ASCUS,0.9984326,296.994812,429.761108,553.686890,605.325317
9688_21207,ASCUS,0.045992,ASCUS,0.9999399,365.481689,432.987518,461.214478,584.532349
9688_21207,ASCUS,0.972729,ASCUS,0.9997209,27.755524,296.248322,209.966965,450.465607
4216_24855,ASCUS,0.190597,ASCUS,0.9986407,346.920593,311.110901,477.912476,448.892883
51032_31543,ASCUS,0.079212,ASCUS,0.81516457,368.690094,130.242020,488.624725,236.629654
51032_31543,ASCUS,0.155650,ASCUS,0.80792964,291.417053,249.495972,405.344055,352.223389
21848_12695,ASCUS,0.996878,ASCUS,0.99999976,238.727142,7.147720,510.231720,389.303223
33400_48567,ASCUS,0.196170,ASCUS,0.96378815,1.000000,40.249886,188.268066,162.547394
9080_38231,ASCUS,0.621218,ASCUS,0.99993265,71.959778,72.778595,192.444550,188.727356
3608_32151,ASCUS,0.055036,ASCUS,0.9983253,500.967010,398.509308,608.000000,539.674438
3608_32151,ASCUS,0.881541,ASCUS,0.9998945,236.904739,173.080734,412.714539,299.260010
7256_23031,ASCUS,0.303743,ASCUS,0.9856857,337.810913,392.746246,508.110535,608.000000
7256_23031,ASCUS,0.617627,ASCUS,0.98965,194.041290,445.917725,359.670807,587.939575
7256_23031,ASCUS,0.190271,ASCUS,0.9962245,184.079956,366.124908,322.528381,457.648407
39480_49175,ASCUS,0.953630,ASCUS,0.710471,268.726990,318.566132,379.068665,413.512238
39480_49175,ASCUS,0.907319,ASCUS,0.99999726,93.231445,355.907104,250.509491,533.735657
46168_22423,ASCUS,0.672420,ASCUS,0.9980963,426.002258,483.163666,576.330261,584.039490
30360_24855,ASCUS,0.460095,ASCUS,0.9959617,78.551689,182.136566,250.979065,339.844635
30360_24855,ASCUS,0.039813,ASCUS,0.9658898,2.376259,388.680450,86.877113,439.052643
50424_34583,ASCUS,0.887173,ASCUS,0.8965791,41.512321,12.806328,193.325439,174.904022
50424_34583,ASCUS,0.202904,ASCUS,0.97146815,356.839966,17.160919,589.485474,350.643219
45560_20599,ASCUS,0.791050,ASCUS,0.9999994,390.705017,172.855240,608.000000,422.714783
45560_20599,ASCUS,0.997102,ASCUS,0.96893233,107.538643,461.487885,238.473358,604.902222
45560_20599,ASCUS,0.989786,ASCUS,0.9999616,103.634865,336.095825,289.581635,457.658691
45560_20599,ASCUS,0.897898,ASCUS,0.9997013,183.590714,428.452759,323.308838,543.249390
25496_8439,ASCUS,0.316772,ASCUS,0.99676454,347.593262,372.868256,491.955688,469.966400
27928_49175,ASCUS,0.842826,ASCUS,0.68115115,36.126804,353.214539,144.597809,608.000000
15160_45527,ASCUS,0.144294,ASCUS,0.9864334,243.959534,313.791931,444.465271,535.378235
15160_45527,ASCUS,0.976186,ASCUS,0.9762229,422.775757,371.637146,577.464600,502.174622
36440_49783,ASCUS,0.990923,ASCUS,0.9998252,344.580444,488.187744,447.466187,593.951172
36440_49783,ASCUS,0.129346,ASCUS,0.7598778,330.339813,546.363953,400.167938,598.578552
35832_50999,ASCUS,0.105903,ASCUS,0.9911678,72.434441,136.500809,242.092285,306.208679
35224_24247,ASCUS,0.950639,ASCUS,0.80167025,288.855560,289.718750,473.557037,438.057800
35224_36407,ASCUS,0.990892,ASCUS,0.9999981,25.100632,9.365875,342.130188,211.164185
11512_18775,ASCUS,0.915043,ASCUS,0.881758,271.678040,264.201233,408.706787,449.984741
27320_43703,ASCUS,0.887138,ASCUS,0.98201066,517.916748,194.774628,597.401001,389.140656
27320_43703,ASCUS,0.757331,ASCUS,0.98479754,254.383972,338.876068,394.638733,503.694916
27320_43703,ASCUS,0.316810,ASCUS,0.9997955,203.947144,2.495350,366.161621,74.426697
22456_38839,ASCUS,0.543952,ASCUS,0.99971396,1.000000,156.522812,123.020630,285.071472
22456_38839,ASCUS,0.359663,ASCUS,0.99757916,263.725952,105.842567,465.448120,206.983032
48600_41879,ASCUS,0.995190,ASCUS,0.8401554,29.936394,97.769119,213.963959,343.300903
35832_47351,ASCUS,0.032402,ASCUS,0.930588,383.550476,81.116478,521.816711,201.759430
7864_37623,ASCUS,0.026955,ASCUS,0.9997249,139.230560,198.825394,317.426727,321.524384
29144_33975,ASCUS,0.799619,ASCUS,0.85947806,106.422707,4.455597,303.804321,211.675034
9080_21207,ASCUS,0.833057,ASCUS,0.9994925,142.719879,252.606354,454.321869,594.569336
9080_21207,ASCUS,0.254802,ASCUS,0.9983353,99.443390,128.311584,553.446045,608.000000
47992_30935,ASCUS,0.501867,ASCUS,0.99386954,1.000000,247.698578,245.079498,481.630951
53464_27287,ASCUS,0.970478,ASCUS,0.99997246,317.681091,479.373016,494.316101,571.614807
39480_28503,ASCUS,0.989477,ASCUS,0.9555035,5.262333,1.375420,129.877106,171.580780
21240_24855,ASCUS,0.533787,ASCUS,0.99998426,1.000000,363.841675,218.157196,608.000000
18808_20599,ASCUS,0.176750,ASCUS,0.99986446,43.737427,220.116302,140.834549,318.589569
7864_39447,ASCUS,0.647079,ASCUS,0.9999362,1.000000,114.870239,297.676178,557.071777
44344_25463,ASCUS,0.352835,ASCUS,0.9420601,382.338043,319.615234,555.157471,506.029297
44344_25463,ASCUS,0.102672,ASCUS,0.917567,209.201324,304.047974,347.161102,427.322937
47384_20599,ASCUS,0.008245,ASCUS,0.94922584,160.487000,354.989868,338.217865,594.137512
7256_22423,ASCUS,0.489746,ASCUS,0.9827995,24.471268,245.947113,209.883926,386.855377
35224_32759,ASCUS,0.949196,ASCUS,0.84668964,365.732727,449.325623,463.336426,567.488281
35224_32759,ASCUS,0.885109,ASCUS,0.99890816,236.900055,72.802849,397.009918,273.044739
19416_32759,ASCUS,0.984563,ASCUS,0.97852224,158.093109,126.431114,315.229187,331.815521
19416_32759,ASCUS,0.305938,ASCUS,0.9769935,342.798431,514.206482,450.005341,608.000000
41912_35799,ASCUS,0.042451,ASCUS,0.9993174,7.964058,2.338753,225.134369,136.907562
41912_35799,ASCUS,0.271634,ASCUS,0.9984097,455.511719,26.034546,575.912231,176.219025
29144_26071,ASCUS,0.392750,ASCUS,0.9510401,23.993629,392.312653,130.817017,514.909424
41304_14519,ASCUS,0.036061,ASCUS,0.98969823,204.468124,47.305542,477.642944,561.005859
16376_48567,ASCUS,0.994592,ASCUS,0.9998149,24.845062,10.694092,309.461731,262.723022
16376_48567,ASCUS,0.992204,ASCUS,0.9592131,29.023468,385.948853,242.186768,608.000000
16376_48567,ASCUS,0.052755,ASCUS,0.9990602,91.760384,48.927925,243.997894,223.859192
23064_47351,ASCUS,0.823178,ASCUS,0.9999435,433.822845,299.075623,569.139282,414.964905
21240_18775,ASCUS,0.059465,ASCUS,0.9989411,19.226479,143.354828,230.195404,283.479950
27320_46743,ASCUS,0.191561,ASCUS,0.83706987,519.536804,382.453583,608.000000,595.609436
27320_46743,ASCUS,0.076246,ASCUS,0.9459787,242.887909,350.051147,438.299225,506.588867
22456_44919,ASCUS,0.020644,ASCUS,0.99991524,15.051430,1.000000,106.249313,59.267319
25496_44919,ASCUS,0.064644,ASCUS,0.9843343,362.416382,116.591949,543.411316,243.962067
25496_44919,ASCUS,0.465773,ASCUS,0.9993013,363.917755,257.481720,547.676453,499.038849
25496_44919,ASCUS,0.083852,ASCUS,0.99711835,414.449036,50.832088,506.406250,122.031433
14552_28503,ASCUS,0.964729,ASCUS,0.9994487,352.254517,270.402161,534.971680,507.169006
14552_28503,ASCUS,0.481022,ASCUS,0.99997973,25.737778,66.414917,313.106323,433.484589
35224_20599,ASCUS,0.059792,ASCUS,0.99825984,225.101944,249.790710,313.865204,354.072876
29144_34583,ASCUS,0.880734,ASCUS,0.99918586,339.620636,74.451958,517.296936,254.550018
29144_34583,ASCUS,0.223501,ASCUS,0.5882258,13.877563,108.278900,204.512848,270.295105
29144_34583,ASCUS,0.999367,ASCUS,0.99993455,258.941345,476.814240,454.382629,572.936401
10296_43095,ASCUS,0.997197,ASCUS,0.99890625,272.668732,36.815292,473.134430,195.928391
37656_21815,ASCUS,0.905897,ASCUS,0.99929154,93.607193,126.785545,190.387527,232.096619
12120_15127,ASCUS,0.923793,ASCUS,0.6222817,6.182415,283.386566,131.513199,461.951447
12120_15127,ASCUS,0.930893,ASCUS,0.99054575,432.938660,23.773956,600.372986,161.687775
12120_15127,ASCUS,0.062276,ASCUS,0.99987197,433.002747,265.033997,599.722595,449.090576
12120_15127,ASCUS,0.029478,LSIL,0.827772,2.175270,16.900352,167.863831,154.181458
11512_29719,ASCUS,0.337272,ASCUS,0.9999949,413.227173,161.071289,526.362061,251.539307
11512_29719,ASCUS,0.245749,ASCUS,0.96376795,272.883453,244.378616,451.838470,470.203308
21848_37015,ASCUS,0.972027,ASCUS,0.99960345,483.965912,82.066025,584.231750,288.850159
21848_37015,ASCUS,0.077675,ASCUS,0.98715925,427.322906,519.998169,591.388672,608.000000
15768_33367,ASCUS,0.787380,ASCUS,0.988165,146.281097,116.741615,309.406189,275.590027
15768_33367,ASCUS,0.340460,ASCUS,0.99923444,347.011780,342.368256,476.878784,451.532501
15768_33367,ASCUS,0.268357,ASCUS,0.7438292,133.119156,325.635406,324.761108,434.818085
36440_21815,ASCUS,0.687330,ASCUS,0.9893806,1.000000,1.000000,537.460876,608.000000
36440_21815,ASCUS,0.760610,ASCUS,0.9182038,1.000000,39.309937,608.000000,530.856934
43128_44919,ASCUS,0.840785,ASCUS,0.992442,64.677452,16.276604,267.789520,258.648346
43128_44919,ASCUS,0.450363,ASCUS,0.99999917,344.975281,272.299744,601.712769,608.000000
43128_44919,ASCUS,0.230429,ASCUS,0.9545959,194.320541,178.922363,390.902161,311.659821
36440_50999,ASCUS,0.060201,ASCUS,0.9978661,283.973877,63.239906,429.685913,156.233582
38264_42487,ASCUS,0.075743,ASCUS,0.9969313,232.163757,320.056763,353.532349,473.718445
32184_50391,ASCUS,0.303596,ASCUS,0.9993387,409.503815,457.664276,576.773254,593.148560
32184_50391,ASCUS,0.071828,ASCUS,0.9999882,229.125275,209.587219,339.778961,294.703217
15768_23639,ASCUS,0.918348,ASCUS,0.7913281,140.676498,162.871765,302.250977,326.808472
34616_49783,ASCUS,0.225832,ASCUS,0.9955035,278.487244,1.000000,541.103394,310.205811
50424_29111,ASCUS,0.088331,ASCUS,0.9723095,38.332985,44.606369,209.272125,173.203506
15160_43703,ASCUS,0.728808,ASCUS,0.5506846,65.777122,6.224319,296.784882,228.738129
43128_36407,ASCUS,0.563653,ASCUS,0.96405977,175.451157,230.367493,362.249390,341.437134
43128_36407,ASCUS,0.087183,ASCUS,0.7984833,316.689850,236.402725,445.536591,381.538330
37656_50999,ASCUS,0.243121,ASCUS,0.9946838,61.259201,10.352619,252.789322,95.312927
15160_37015,ASCUS,0.073151,ASCUS,0.39162257,4.364063,305.045898,84.075836,377.829956
15768_40663,ASCUS,0.275647,ASCUS,0.9575276,4.253670,305.549377,168.608154,537.796326
15768_40663,ASCUS,0.714855,ASCUS,0.99789494,307.807159,37.254753,517.276001,179.231232
45560_26679,ASCUS,0.692844,ASCUS,0.9996345,1.000000,107.922684,139.565155,358.969482
45560_26679,ASCUS,0.062278,ASCUS,0.9991387,468.839874,233.039673,600.682983,370.787964
46776_40663,ASCUS,0.883170,ASCUS,0.99993014,488.672668,14.021439,608.000000,257.922729
29752_43095,ASCUS,0.998936,ASCUS,0.9999813,58.632820,396.246887,174.984100,493.881287
13336_37015,ASCUS,0.424513,ASCUS,0.74553657,58.315407,234.568008,222.829773,383.009521
20024_9047,ASCUS,0.366071,ASCUS,0.97484833,316.941711,14.922112,500.245361,231.170715
49816_30935,ASCUS,0.099928,ASCUS,0.5997144,415.275879,136.126114,570.205322,305.492615
10904_45527,ASCUS,0.644586,ASCUS,0.9998348,255.030731,187.041962,364.727814,352.466461
16376_38839,ASCUS,0.104875,ASCUS,0.9944728,3.848404,67.750946,150.825531,163.250137
4824_36407,ASCUS,0.757322,ASCUS,0.79603845,326.310608,397.962952,464.990662,555.549561
15768_25463,ASCUS,0.501464,ASCUS,0.5590593,354.701263,296.535004,517.446411,447.298309
15768_25463,ASCUS,0.234794,ASCUS,0.8880107,441.657562,213.647034,608.000000,356.930176
37048_24855,ASCUS,0.664438,ASCUS,0.9997663,437.116028,250.030411,608.000000,469.412842
44344_32151,ASCUS,0.629783,ASCUS,0.8289306,233.700836,355.665009,351.908783,467.302460
49816_25463,ASCUS,0.511748,ASCUS,0.99990904,376.361786,3.705956,497.001068,149.633759
20632_18775,ASCUS,0.866587,ASCUS,0.9999796,294.219849,334.219055,527.621704,603.874878
44344_38839,ASCUS,0.483933,ASCUS,0.7863211,33.107269,305.696960,233.242065,573.434753
16984_19383,ASCUS,0.954452,ASCUS,0.78836745,305.680359,25.383850,547.397034,309.819824
47992_19383,ASCUS,0.455064,ASCUS,0.71708196,19.710945,111.445602,216.388306,355.003540
51640_26071,ASCUS,0.988795,ASCUS,0.99943584,435.602478,2.399948,608.000000,197.604080
11512_30935,ASCUS,0.478296,ASCUS,0.99453557,245.366516,235.291290,437.707886,461.963409
36440_33975,ASCUS,0.560874,ASCUS,0.99786264,210.823318,158.396790,359.905884,238.774689
21240_32759,ASCUS,0.871776,ASCUS,0.9972458,147.845276,475.964355,341.354797,604.376343
21240_32759,ASCUS,0.389669,ASCUS,0.5728009,309.780273,119.771027,541.207153,438.052948
21240_32759,ASCUS,0.459973,ASCUS,0.9855735,396.894043,111.472527,556.777893,283.418915
21240_32759,ASCUS,0.056488,ASCUS,0.739246,342.969666,101.114914,499.460693,278.259460
38872_15127,ASCUS,0.990449,ASCUS,0.9997563,8.058685,271.364105,192.181854,440.934357
24280_52215,ASCUS,0.906672,ASCUS,0.99763095,234.122894,29.734970,447.817902,123.800964
24280_52215,ASCUS,0.972247,ASCUS,0.7530032,352.939941,289.784210,487.334534,440.029755
11512_18167,ASCUS,0.365065,ASCUS,0.9990644,333.894867,132.303818,474.648895,294.712585
11512_18167,ASCUS,0.252794,ASCUS,0.99742573,182.002350,239.908936,387.804596,394.629517
30968_39447,ASCUS,0.944732,ASCUS,0.9993019,166.462067,376.915283,388.292267,528.984497
30968_39447,ASCUS,0.111426,ASCUS,0.9890872,208.054794,105.850121,312.077057,271.688507
13944_47351,ASCUS,0.428359,ASCUS,0.50020534,199.188309,180.183197,363.766174,409.361725
16376_26071,ASCUS,0.328909,ASCUS,0.9981159,39.169991,228.347900,208.828339,374.092224
16376_26071,ASCUS,0.691145,ASCUS,0.99960226,435.091492,29.052734,584.169861,188.698776
9080_19383,ASCUS,0.277680,ASCUS,0.9996592,337.797577,425.834320,424.062164,593.508301
9080_19383,ASCUS,0.068586,ASCUS,0.9883968,177.492035,533.739075,328.998291,608.000000
20632_21815,ASCUS,0.844393,ASCUS,0.9847526,388.009613,454.016327,608.000000,597.713196
51032_24247,ASCUS,0.349199,ASCUS,0.9999988,1.000000,302.605896,370.516052,569.590881
51032_24247,ASCUS,0.064183,ASCUS,0.9978471,1.000000,16.029488,107.312241,154.065063
51032_24247,ASCUS,0.673433,ASCUS,0.6632976,429.750916,1.000000,608.000000,215.254028
32792_13303,ASCUS,0.728593,ASCUS,0.59860057,235.764145,418.681702,350.035614,533.383240
32792_13303,ASCUS,0.035799,ASCUS,0.7138222,226.818192,500.921448,358.257324,608.000000
32792_13303,ASCUS,0.011787,ASCUS,0.99903846,163.618423,381.584930,277.878021,492.077301
32792_13303,ASCUS,0.061257,LSIL,0.68348694,329.432251,181.375732,519.666016,414.675659
20024_15735,ASCUS,0.941363,ASCUS,0.99997234,181.938202,231.254730,388.966522,388.264496
20024_15735,ASCUS,0.269345,ASCUS,0.95788974,436.234375,551.915466,520.495972,608.000000
42520_50391,ASCUS,0.007324,HSIL,0.88280153,245.559067,106.807274,357.718262,238.849060
44344_24855,ASCUS,0.803218,ASCUS,0.99967206,1.000000,192.641785,188.558807,345.768311
51640_19991,ASCUS,0.505865,ASCUS,0.9953525,432.270294,111.358704,552.487671,189.669128
51640_19991,ASCUS,0.077930,ASCUS,0.99552464,17.617790,452.224731,183.332153,582.597778
44952_12087,ASCUS,0.134004,ASCUS,0.9997148,166.643860,466.760529,274.007660,601.400879
44952_12087,ASCUS,0.186648,ASCUS,0.9973099,436.678925,544.708923,534.521606,604.443665
51032_17559,ASCUS,0.228716,ASCUS,0.7443437,105.869843,234.829315,460.441620,583.245850
51032_17559,ASCUS,0.108334,ASCUS,0.9991327,19.053642,417.810425,151.735229,601.699402
51032_17559,ASCUS,0.050046,ASCUS,0.96195054,80.140396,31.551182,183.622910,118.854599
25496_7831,ASCUS,0.677822,ASCUS,0.99998236,385.993896,104.442551,558.076965,363.235718
25496_7831,ASCUS,0.786397,ASCUS,0.9973285,46.292107,41.681473,188.398560,145.827728
46168_30935,ASCUS,0.102990,ASCUS,0.8123555,320.542328,171.559082,434.298492,387.479187
40088_21207,ASCUS,0.996263,ASCUS,0.9981963,240.791565,121.195450,476.463440,337.934998
8472_38231,ASCUS,0.939504,ASCUS,0.9975319,344.344788,130.212006,448.180847,314.541229
8472_38231,ASCUS,0.989581,ASCUS,0.9971463,14.593102,233.824005,185.899719,354.370819
51640_23639,ASCUS,0.243058,ASCUS,0.97032064,280.312378,9.841331,481.649109,126.819511
40088_47351,ASCUS,0.059943,ASCUS,0.98638225,50.872292,269.071564,228.911560,427.177277
40088_47351,ASCUS,0.040358,ASCUS,0.9841816,349.691986,120.043236,555.785950,257.699280
40088_47351,ASCUS,0.212662,ASCUS,0.9999802,360.143005,2.923798,494.728088,133.184189
44952_10871,ASCUS,0.380741,ASCUS,0.99860257,185.637344,252.353333,352.001160,429.632568
32184_16343,ASCUS,0.978135,ASCUS,0.99923706,134.399811,392.776642,226.879364,451.415192
24280_36407,ASCUS,0.042830,LSIL,0.95739985,79.952301,9.190784,250.064301,129.589676
47384_35191,ASCUS,0.389078,ASCUS,0.9814611,201.038376,463.527496,320.318665,587.414246
4216_30327,ASCUS,0.327647,ASCUS,0.98492473,400.526489,214.332809,606.140259,451.371338
4216_30327,ASCUS,0.069455,ASCUS,0.9843449,1.000000,135.307007,128.946198,324.095734
47992_42487,ASCUS,0.986431,ASCUS,0.99997723,281.363037,308.159912,462.288452,548.743103
35224_13911,ASCUS,0.990364,ASCUS,0.9910088,456.933472,274.462006,608.000000,576.974976
35224_13911,ASCUS,0.056532,ASCUS,0.9979942,45.484352,189.783417,123.509148,382.662750
16376_40055,ASCUS,0.981765,ASCUS,0.68719107,239.050018,389.817871,394.501984,550.117615
16376_40055,ASCUS,0.216000,ASCUS,0.9933767,229.402618,360.975861,356.908722,466.450775
16984_17559,ASCUS,0.710948,ASCUS,0.92389506,282.472626,5.520782,430.630829,166.486023
16984_17559,ASCUS,0.190713,ASCUS,0.95107996,342.088654,221.750122,501.266998,349.971375
36440_9655,ASCUS,0.213212,ASCUS,0.99889296,396.332428,230.130325,541.368164,388.251526
36440_9655,ASCUS,0.256556,ASCUS,0.9982712,84.797546,399.086670,194.721130,569.260620
19416_45527,ASCUS,0.538139,ASCUS,0.93951696,254.048889,226.424591,411.895935,375.876495
27320_28503,ASCUS,0.064858,ASCUS,0.9064823,131.177948,285.138641,326.991943,397.548431
44344_41271,ASCUS,0.006694,ASCUS,0.99170685,159.069580,40.819077,428.628723,267.676941
23064_50391,ASCUS,0.993176,ASCUS,0.9997185,274.219116,355.912292,551.222595,594.629517
32184_44919,ASCUS,0.912003,ASCUS,0.9848296,291.933228,375.098236,438.302673,499.057098
35224_50999,ASCUS,0.274644,ASCUS,0.9337381,196.560562,269.903137,390.510254,379.259460
15160_28503,ASCUS,0.321188,ASCUS,0.7334446,1.263952,130.970673,54.142128,216.826660
15160_28503,ASCUS,0.072356,ASCUS,0.9211575,71.298538,81.818085,208.149612,233.341614
9688_14519,ASCUS,0.306568,ASCUS,0.9667349,158.711700,346.601318,329.587952,477.924744
9688_27895,ASCUS,0.503484,ASCUS,0.74819267,155.811035,394.016174,317.388153,560.588318
9688_27895,ASCUS,0.023047,ASCUS,0.77144456,275.153442,338.374481,406.460388,521.217407
32792_38231,ASCUS,0.781483,ASCUS,0.9887694,346.480682,325.919830,558.709106,514.347595
32792_38231,ASCUS,0.516329,ASCUS,0.9972422,24.480804,66.294975,162.555969,264.794403
32792_38231,ASCUS,0.300740,ASCUS,0.87222046,62.909332,508.462982,188.364426,608.000000
15160_41879,ASCUS,0.342617,ASCUS,0.50465757,40.503685,397.704590,224.925446,525.566406
15160_41879,ASCUS,0.996251,ASCUS,0.9967091,177.480118,29.145439,451.022949,282.478363
9080_35191,ASCUS,0.747277,ASCUS,0.71380913,27.951340,75.069672,339.157654,421.639191
42520_16951,ASCUS,0.246218,ASCUS,0.94801015,228.380417,27.865982,421.050659,160.301300
34616_29719,ASCUS,0.337488,ASCUS,0.99917644,12.653717,244.039169,204.760895,391.127563
34616_29719,ASCUS,0.053996,ASCUS,0.68305147,466.857910,468.425659,551.857727,514.945435
34616_29719,ASCUS,0.315198,ASCUS,0.9995017,440.109283,516.620911,528.575256,560.798157
34616_29719,ASCUS,0.027634,ASCUS,0.98675656,210.833206,368.261414,445.169373,577.024231
34616_29719,ASCUS,0.108375,ASCUS,0.99286145,473.905304,560.815247,544.323975,602.877991
29144_18167,ASCUS,0.837927,ASCUS,0.8129912,188.068741,471.283325,285.644226,597.056274
29144_18167,ASCUS,0.211154,ASCUS,0.98076355,135.767075,315.505402,304.978027,477.633148
6648_37015,ASCUS,0.083860,ASCUS,0.9990375,50.117592,21.261086,183.825745,133.963043
6648_37015,ASCUS,0.604017,ASCUS,0.99434435,344.965393,149.269897,450.335754,308.371216
49208_40663,ASCUS,0.918334,ASCUS,0.6136355,134.468903,30.756676,399.917511,246.414795
49208_40663,ASCUS,0.714333,ASCUS,0.9559189,1.000000,233.651855,155.813354,400.095215
49208_40663,ASCUS,0.105887,ASCUS,0.9999932,484.816742,465.156128,597.436523,601.447144
36440_17559,ASCUS,0.927148,ASCUS,0.99953425,28.864998,288.105896,189.794495,391.304565
36440_17559,ASCUS,0.975758,ASCUS,0.99938726,283.891876,393.346466,494.509308,529.891602
9080_17559,ASCUS,0.996800,ASCUS,0.9999484,386.943176,50.211288,518.035278,279.202698
7864_16343,ASCUS,0.137629,ASCUS,0.97816044,369.652069,29.757492,488.017365,274.244568
7864_16343,ASCUS,0.597533,ASCUS,0.8809936,153.285492,105.074211,288.873291,224.720825
7864_16343,ASCUS,0.093343,ASCUS,0.8408123,150.120529,354.925842,242.929764,471.744202
15768_21815,ASCUS,0.991338,ASCUS,0.83096373,161.986969,120.349426,312.276398,257.660950
15768_21815,ASCUS,0.943665,ASCUS,0.99658763,176.145523,44.471874,315.294800,157.627823
32792_9655,ASCUS,0.098970,ASCUS,0.97527325,15.794815,181.887207,171.206284,338.135559
32792_9655,ASCUS,0.011679,ASCUS,0.999985,1.000000,213.198334,368.640686,458.721771
29752_29111,ASCUS,0.990696,ASCUS,0.98320204,341.485016,141.021667,533.332764,333.461609
29752_29111,ASCUS,0.914509,ASCUS,0.9999441,7.182396,77.426666,193.124115,187.035431
29752_29111,ASCUS,0.083137,ASCUS,0.9996106,234.080276,414.450623,335.312378,494.205750
29752_51607,ASCUS,0.928575,ASCUS,0.99945384,479.858612,197.280182,603.333984,291.499573
29752_51607,ASCUS,0.475055,ASCUS,0.99499905,519.661011,269.515015,608.000000,348.487000
29752_51607,ASCUS,0.079867,ASCUS,0.57980716,430.167145,350.353027,603.645752,507.219971
51640_33367,ASCUS,0.850743,ASCUS,0.9999019,414.209106,324.876465,534.999512,558.114502
6040_23031,ASCUS,0.530358,ASCUS,0.97749,226.857483,466.566589,298.231567,549.703918
6040_23031,ASCUS,0.064207,ASCUS,0.6049516,71.975281,427.942871,242.719391,605.829834
6040_23031,ASCUS,0.666344,ASCUS,0.85959256,362.343628,93.974350,608.000000,467.772095
6040_23031,ASCUS,0.012763,LSIL,0.52920216,107.906769,489.620514,253.255096,589.655334
22456_43095,ASCUS,0.936532,ASCUS,0.5878579,233.821136,164.769562,415.282867,293.230804
22456_43095,ASCUS,0.904227,ASCUS,0.8502647,229.616562,1.000000,308.893860,112.046989
22456_43095,ASCUS,0.997592,ASCUS,0.9394606,219.756805,86.162216,351.018707,213.636002
22456_43095,ASCUS,0.950569,ASCUS,0.988236,296.140656,16.085037,417.166962,154.986664
22456_43095,ASCUS,0.204165,ASCUS,0.99912494,311.167053,34.389679,466.258362,198.268097
35224_24855,ASCUS,0.114353,ASCUS,0.9983804,455.689362,541.804993,546.521667,605.569885
35224_24855,ASCUS,0.998737,ASCUS,0.9999777,8.728828,242.435272,160.821289,393.043915
46168_37623,ASCUS,0.963073,ASCUS,0.9863361,186.146790,312.849670,308.153473,421.100281
31576_32151,ASCUS,0.944691,ASCUS,0.9999808,204.869690,409.370483,301.618011,500.684204
31576_32151,ASCUS,0.937037,ASCUS,0.9598936,85.062325,329.752319,245.889832,478.735962
31576_32151,ASCUS,0.596020,ASCUS,0.9997892,131.078857,311.451233,296.105225,401.574463
31576_32151,ASCUS,0.053996,ASCUS,0.9996277,3.591354,408.440765,105.154892,576.150024
13944_40055,ASCUS,0.751120,ASCUS,0.5758163,93.846771,503.263031,332.602966,608.000000
13944_40055,ASCUS,0.134420,ASCUS,0.9997955,197.449921,95.768135,389.314545,232.810730
13944_40055,ASCUS,0.030656,LSIL,0.76446253,364.387695,225.845108,495.402222,342.092865
15768_47351,ASCUS,0.087540,ASCUS,0.99838006,488.043365,314.160797,608.000000,417.572479
30360_7831,ASCUS,0.862688,ASCUS,0.94742876,310.837067,8.464981,473.399445,232.018326
18808_52215,ASCUS,0.005289,LSIL,0.8425253,298.441132,208.830887,398.401520,361.188538
27320_13911,ASCUS,0.594620,ASCUS,0.8115898,387.979553,1.000000,608.000000,418.743469
24888_42487,ASCUS,0.941652,ASCUS,0.95384586,229.697067,103.914391,359.305847,256.535553
11512_37623,ASCUS,0.420084,ASCUS,0.9875142,91.855598,393.044495,243.627747,606.909180
27320_34583,ASCUS,0.195031,ASCUS,0.62955123,13.671913,133.935852,169.830688,395.252747
34008_43703,ASCUS,0.055931,ASCUS,0.9998332,391.503601,421.238617,495.309448,564.909058
34008_43703,ASCUS,0.906481,ASCUS,0.9940164,359.234924,261.023163,529.987183,390.251801
34008_43703,ASCUS,0.057591,ASCUS,0.9997701,469.939789,420.382507,598.086487,582.973877
41912_47351,ASCUS,0.850451,ASCUS,0.7056315,363.558777,221.956589,525.828308,382.023376
34616_15735,ASCUS,0.813457,ASCUS,0.7583813,1.000000,15.789993,213.143570,252.803879
34616_15735,ASCUS,0.334075,ASCUS,0.974358,512.332214,294.386292,602.387390,373.063049
34616_15735,ASCUS,0.130072,ASCUS,0.5552726,502.565552,312.335052,596.412354,432.992645
34616_15735,ASCUS,0.107354,ASCUS,0.974718,504.822449,406.603516,608.000000,468.620789
34616_15735,ASCUS,0.034108,LSIL,0.99994683,323.815613,528.202271,420.546631,600.077148
41304_48567,ASCUS,0.996768,ASCUS,0.99994075,118.245651,414.704224,210.787613,557.018005
31576_7831,ASCUS,0.626180,ASCUS,0.9999988,234.428040,274.331207,351.751282,408.114899
22456_29111,ASCUS,0.669460,ASCUS,0.9765114,207.313736,105.134033,344.689697,289.652344
18808_47959,ASCUS,0.324171,ASCUS,0.841317,138.970993,173.957855,304.217712,334.485901
44952_35191,ASCUS,0.093502,ASCUS,0.7123727,135.489136,17.664066,274.338623,137.184723
44952_35191,ASCUS,0.584645,ASCUS,0.97651905,434.993958,361.365479,573.677734,589.178345
44952_35191,ASCUS,0.155328,ASCUS,0.47275037,105.527519,120.243675,288.226257,240.803467
6040_32151,ASCUS,0.503958,ASCUS,0.9993205,450.899872,50.026726,552.366028,261.438080
6040_32151,ASCUS,0.312863,ASCUS,0.9641516,282.528534,101.857185,385.165192,242.493683
45560_11479,ASCUS,0.070514,LSIL,0.99965,1.000000,103.054222,190.832809,328.783234
36440_33367,ASCUS,0.978494,ASCUS,0.9981906,194.097260,25.186935,297.817749,129.004242
36440_33367,ASCUS,0.840131,ASCUS,0.9998388,130.001068,67.159851,228.782593,165.756134
21240_14519,ASCUS,0.217543,ASCUS,0.99917847,271.387634,199.147430,377.541809,321.602936
40088_50999,ASCUS,0.984371,ASCUS,0.999257,233.807770,50.208363,321.497162,169.897461
23064_16343,ASCUS,0.068260,ASCUS,0.9709272,366.971405,450.042053,506.981903,600.565125
29144_19991,ASCUS,0.103549,ASCUS,0.99995744,53.168503,454.078430,260.229431,608.000000
16984_14519,ASCUS,0.987708,ASCUS,0.9999738,468.374298,102.690048,598.552612,225.778488
47384_23031,ASCUS,0.033484,ASCUS,0.9867578,97.712372,333.967377,177.032379,608.000000
47384_23031,ASCUS,0.944603,ASCUS,0.96640855,160.115173,153.644867,377.410278,304.358826
47384_23031,ASCUS,0.242778,ASCUS,0.9999832,268.494537,505.572327,381.738739,589.974304
47384_23031,LSIL,0.069633,SCC,0.30463862,165.964233,143.820099,384.243896,302.356110
39480_44311,ASCUS,0.332273,ASCUS,0.9934285,306.096649,400.480682,486.593170,552.946899
39480_44311,ASCUS,0.967531,ASCUS,0.7651684,41.275135,508.404816,159.149582,607.408264
39480_44311,ASCUS,0.951354,ASCUS,0.9941876,18.388599,427.356323,135.554871,575.082764
39480_44311,ASCUS,0.807741,ASCUS,0.99858665,115.129883,537.758118,198.988159,608.000000
43128_37623,ASCUS,0.445500,ASCUS,0.999113,131.547577,1.000000,608.000000,213.467743
43128_37623,ASCUS,0.884146,ASCUS,0.95113367,338.707306,348.609863,421.820770,429.854248
43128_37623,ASCUS,0.077760,ASCUS,0.8957437,304.611359,282.678711,426.524078,384.788940
20024_47351,ASCUS,0.707374,ASCUS,0.9248898,146.581039,73.098183,411.839355,265.907166
13944_45527,ASCUS,0.865392,ASCUS,0.99704725,282.197510,371.774963,416.202148,566.747620
13944_45527,ASCUS,0.895899,ASCUS,0.99968004,378.332153,460.771179,495.597717,575.433289
9688_25463,ASCUS,0.720785,ASCUS,0.81051296,307.768188,9.308666,485.578064,127.879929
9688_39447,ASCUS,0.713049,ASCUS,0.99998546,460.917450,164.116730,605.817383,324.866119
9688_39447,ASCUS,0.076528,ASCUS,0.9995171,289.923828,240.346832,378.922974,407.324554
34008_29719,ASCUS,0.075688,ASCUS,0.78652894,447.915436,285.564514,600.490417,442.663330
54072_29719,ASCUS,0.577116,ASCUS,0.93620306,112.973991,277.074280,297.853851,406.138123
13944_41271,ASCUS,0.593915,ASCUS,0.9841621,306.281586,151.973785,479.615448,406.769745
13944_41271,ASCUS,0.185228,ASCUS,0.999979,73.602646,168.015137,237.907089,256.458221
12120_38839,ASCUS,0.740497,ASCUS,0.99998283,468.779846,16.116730,581.462830,186.213196
12120_38839,ASCUS,0.073739,ASCUS,0.99620277,265.604309,267.572083,480.457336,367.618713
49208_16343,LSIL,0.460301,LSIL,0.7277667,1.000000,204.709717,141.673645,381.085571
6040_28503,ASCUS,0.106590,ASCUS,0.96491367,88.542915,316.137085,312.736877,501.349976
6040_28503,ASCUS,0.720578,ASCUS,0.9750395,551.866394,148.467651,606.542786,262.510376
6040_28503,ASCUS,0.704050,ASCUS,0.9800923,490.201996,280.121460,577.099304,402.482300
6040_28503,ASCUS,0.184569,ASCUS,0.9978975,9.647915,359.717010,126.721741,496.268280
33400_24247,ASCUS,0.852101,ASCUS,0.99952734,233.946335,469.451752,323.207031,546.266479
30360_4183,ASCUS,0.077822,ASCUS,0.9999615,242.625427,460.690796,372.902283,590.768799
24280_23639,ASCUS,0.493720,ASCUS,0.9996815,416.274719,298.684753,569.951965,444.918518
20024_13303,ASCUS,0.990597,ASCUS,0.9999237,408.127563,160.976471,578.724854,310.711273
20024_13303,ASCUS,0.006854,ASCH,0.76075935,85.328125,107.562569,165.336884,155.089767
43128_19383,ASCUS,0.507174,ASCUS,0.6180666,226.172501,59.023293,390.142395,240.614716
40696_43095,ASCUS,0.890974,ASCUS,0.9860319,377.588531,392.089844,598.175171,607.878052
40696_43095,ASCUS,0.994373,ASCUS,0.9998946,18.914093,1.000000,284.533508,337.381226
11512_11479,ASCUS,0.650190,ASCUS,0.9673871,351.731140,350.741211,441.139709,507.942749
18200_20599,ASCUS,0.588582,ASCUS,0.91533065,7.388016,10.077591,271.834534,260.276733
18200_20599,ASCUS,0.555513,ASCUS,0.9976428,354.857239,132.039017,487.150452,245.690231
18200_20599,ASCUS,0.127746,ASCUS,0.9392236,221.779205,233.540009,412.464935,367.349152
40088_26071,ASCUS,0.381684,ASCUS,0.90009576,231.148407,60.192795,353.630524,173.410782
44952_46135,ASCUS,0.944496,ASCUS,0.9916712,154.957672,1.000000,574.025879,329.657043
44952_46135,ASCUS,0.052982,ASCUS,0.98085046,1.000000,43.887459,608.000000,252.960541
44952_34583,ASCUS,0.477337,ASCUS,0.9999993,230.872467,393.773804,340.426849,478.084656
23064_47959,ASCUS,0.585233,ASCUS,0.9989636,158.420105,406.743774,269.489990,496.621765
19416_9655,ASCUS,0.967955,ASCUS,0.97954684,216.239014,101.139801,335.523071,370.538452
7256_30935,ASCUS,0.464832,ASCUS,0.99997854,1.000000,37.566772,608.000000,316.542114
7256_30935,ASCUS,0.424068,ASCUS,0.98601055,480.350098,426.586670,585.120728,543.331665
7256_30935,ASCUS,0.310568,ASCUS,0.99991274,558.065247,399.158569,608.000000,473.862488
27320_36407,ASCUS,0.591123,ASCUS,0.9990219,186.328751,444.539856,287.513092,574.178223
15160_35191,ASCUS,0.064503,ASCUS,0.9715575,94.196404,355.096680,283.880219,517.834229
15160_35191,ASCUS,0.952848,ASCUS,0.9637991,330.763550,23.552383,608.000000,221.025681
43128_33975,ASCUS,0.981578,ASCUS,0.82790023,105.607277,34.111275,273.308228,215.551544
43128_33975,LSIL,0.067800,LSIL,0.573479,106.295822,1.000000,267.995239,230.140350
18200_39447,ASCUS,0.999687,ASCUS,0.9993507,161.617950,285.312378,245.658569,478.105774
32792_32151,ASCUS,0.890526,ASCUS,0.99986243,253.058990,360.638397,380.553802,482.933319
32792_32151,ASCUS,0.081121,ASCUS,0.99973017,322.632416,456.638519,439.283661,577.928894
12120_23031,ASCUS,0.998613,ASCUS,0.62915623,471.972076,135.911316,591.317139,306.265076
20632_44311,ASCUS,0.390101,ASCUS,0.996566,288.406677,491.904419,473.304565,606.491943
52248_38231,ASCUS,0.987339,ASCUS,0.99845207,221.910461,131.482941,376.817627,375.935394
52248_38231,ASCUS,0.062905,ASCUS,0.8906637,137.404266,259.542480,207.788971,438.468079
32792_28503,ASCUS,0.154173,ASCUS,0.9981342,324.382660,125.907951,438.665619,221.669739
19416_25463,ASCUS,0.979506,ASCUS,0.9616993,21.701172,34.070908,274.169464,499.880493
19416_25463,ASCUS,0.239892,ASCUS,0.97542155,454.154572,446.060822,608.000000,585.423157
35832_32151,ASCUS,0.232841,ASCUS,0.98914623,207.044495,55.586365,377.108093,222.068115
9080_19991,ASCUS,0.887884,ASCUS,0.9998679,149.837128,35.718666,380.116241,274.212006
9080_19991,ASCUS,0.172981,ASCUS,0.9983991,514.448486,206.020126,579.574219,332.959320
23064_41271,ASCUS,0.983456,ASCUS,0.99988544,305.041443,183.128067,442.846924,290.011902
40088_16343,ASCUS,0.155604,ASCUS,0.9742339,318.713074,100.204926,508.983521,213.264130
8472_43095,ASCUS,0.967201,ASCUS,0.992386,225.966385,101.339050,455.722778,258.503510
27320_27895,ASCUS,0.019419,ASCUS,0.7739101,164.996979,276.099915,340.907867,438.347046
30360_30327,ASCUS,0.799418,ASCUS,0.9997758,319.504364,228.168594,598.332275,425.818848
30360_30327,ASCUS,0.281158,ASCUS,0.9999813,98.436440,65.679207,217.508148,155.443024
32792_16951,ASCUS,0.132870,ASCUS,0.70426106,325.580627,231.208939,590.894958,585.352234
34616_42487,ASCUS,0.011673,ASCUS,0.6420817,502.728790,63.490021,608.000000,219.702606
34616_42487,ASCUS,0.998697,ASCUS,0.9491917,45.278091,302.036743,218.891891,457.939941
46168_16343,ASCUS,0.988652,ASCUS,0.9999596,104.224426,2.738194,228.250671,115.644531
46168_16343,ASCUS,0.917964,ASCUS,0.52715534,317.242188,255.432541,593.054138,524.955505
23064_44311,ASCUS,0.331991,ASCUS,0.9996598,513.648499,455.434998,608.000000,579.457092
23064_44311,ASCUS,0.199675,ASCUS,0.99997425,435.404053,276.362091,602.499023,505.629425
35224_7831,ASCUS,0.005758,ASCUS,0.99991775,4.384306,59.910721,67.504616,220.760880
37048_44919,ASCUS,0.838280,ASCUS,0.99518484,437.959412,375.516418,548.652039,514.257385
37048_44919,ASCUS,0.615219,ASCUS,0.9851967,135.517059,198.238403,242.862976,369.379150
13944_47959,ASCUS,0.974639,ASCUS,0.9999988,17.731728,198.482178,196.955994,486.259277
13944_47959,ASCUS,0.999621,ASCUS,0.8929115,314.913177,244.358215,475.524872,419.211975
35832_24855,ASCUS,0.060782,ASCUS,0.99798286,1.000000,90.540009,110.393990,177.277618
47992_35799,ASCUS,0.031606,ASCUS,0.9999509,294.056152,353.899689,371.192505,439.218353
41912_13303,ASCUS,0.965499,ASCUS,0.7776878,51.820427,276.007080,214.345642,422.516418
12728_29719,ASCUS,0.930489,ASCUS,0.9999795,362.732239,17.187386,546.551636,258.599274
12728_29719,ASCUS,0.855637,ASCUS,0.9976803,1.000000,257.828339,190.515076,489.150970
27320_12087,ASCUS,0.839309,ASCUS,0.9998865,253.509094,46.833748,332.660278,188.775940
27320_12087,ASCUS,0.694582,ASCUS,0.94449574,112.430725,74.124626,250.821106,191.401581
53464_32759,ASCUS,0.018868,ASCUS,0.99818593,420.701904,123.273239,608.000000,255.593033
38264_44311,ASCUS,0.820091,ASCUS,0.9999008,457.297638,41.007492,574.543091,179.643341
38264_44311,ASCUS,0.198992,ASCUS,0.9998173,350.525116,538.715515,442.979950,608.000000
24888_43703,ASCUS,0.926742,ASCUS,0.9985494,212.015289,175.637085,376.194183,388.505371
15160_34583,ASCUS,0.115083,ASCUS,0.7433905,270.999756,252.394897,316.923645,316.262390
15160_34583,ASCUS,0.378951,ASCUS,0.98296195,32.663811,514.782593,152.474762,608.000000
9080_15127,ASCUS,0.391203,ASCUS,0.99911803,1.000000,449.450470,79.183083,550.764954
17592_50999,ASCUS,0.451683,ASCUS,0.7000392,451.419006,86.542717,608.000000,227.482544
12728_38839,ASCUS,0.340115,ASCUS,0.99878377,344.393951,476.992981,483.302643,603.798035
32184_32759,ASCUS,0.149205,ASCUS,0.9999958,246.782196,184.776230,352.316620,288.897949
11512_38231,ASCUS,0.982994,ASCUS,0.99982363,300.056549,173.808594,418.716522,388.084412
11512_38231,ASCUS,0.070187,ASCUS,0.99944836,252.026993,70.891022,382.797913,259.359253
38872_25463,ASCUS,0.585343,ASCUS,0.99999297,40.295654,288.714172,504.260437,566.979004
38872_25463,ASCUS,0.007638,ASCUS,0.89338857,3.759403,35.968643,80.510132,304.024719
35832_23639,ASCUS,0.485141,ASCUS,0.728704,6.903328,251.912750,172.447327,466.782196
35832_23639,ASCUS,0.078060,ASCUS,0.997186,99.045837,64.703278,246.671021,170.772247
24888_47351,ASCUS,0.813584,ASCUS,0.99979395,102.611465,195.206085,228.173721,344.164398
24888_47351,ASCUS,0.909549,ASCUS,0.9552238,459.195770,245.344116,605.463257,404.494690
40696_32759,ASCUS,0.995694,ASCUS,0.9386077,39.552917,6.079651,191.685989,228.542557
40696_32759,ASCUS,0.051631,ASCUS,0.99970406,118.155739,324.764587,339.653717,421.835266
10296_24247,ASCUS,0.995939,ASCUS,0.9998591,415.757904,183.608002,535.228577,304.530029
27320_15735,ASCUS,0.056666,ASCUS,0.65139395,206.066284,352.996552,300.106689,519.802002
9080_39447,ASCUS,0.998566,ASCUS,0.76847434,208.275330,266.709473,514.380737,608.000000
50424_35191,ASCUS,0.284471,ASCUS,0.9991341,208.714874,484.478607,327.779022,578.525330
28536_9655,ASCUS,0.473837,ASCUS,0.9977047,4.676132,270.268066,100.135986,442.774353
28536_9655,ASCUS,0.280915,ASCUS,0.99969006,442.007599,296.801270,524.828552,420.440796
23672_46135,ASCUS,0.432091,ASCUS,0.999879,161.406464,67.816170,252.054291,196.991394
23672_46135,ASCUS,0.094682,ASCUS,0.99911624,4.828751,149.634766,147.995331,307.519989
13336_23031,ASCUS,0.853655,ASCUS,0.9947719,474.572327,122.650375,605.729797,289.459229
52248_29111,ASCUS,0.354775,ASCUS,0.999619,1.000000,324.671417,608.000000,538.045898
52248_29111,ASCUS,0.994495,ASCUS,0.9936206,154.570816,289.628784,530.123169,595.560181
12728_43095,ASCUS,0.288396,ASCUS,0.9866323,235.903076,268.812347,415.072510,462.182343
10904_21207,ASCUS,0.189761,ASCUS,0.92325795,88.635277,285.874084,257.019257,442.976257
10904_21207,ASCUS,0.902789,ASCUS,0.53662395,362.229797,284.177734,559.241089,445.794678
40088_10263,ASCUS,0.025561,LSIL,0.7396188,232.444580,316.945526,337.828735,442.204376
12120_24855,ASCUS,0.124801,ASCUS,0.9998586,417.758209,469.614899,519.196960,567.372925
12120_24855,ASCUS,0.054278,ASCUS,0.99480397,304.713623,25.115673,521.804810,127.570633
35224_35799,ASCUS,0.828405,ASCUS,0.9671254,221.241577,439.135742,366.876526,563.667603
35224_35799,ASCUS,0.089994,ASCUS,0.99998534,128.748444,262.006042,235.769775,389.551575
13944_43095,ASCUS,0.038993,ASCUS,0.99999964,306.948242,397.312134,575.150085,608.000000
33400_36407,ASCUS,0.603826,ASCUS,0.4720831,330.107391,274.317413,559.024658,375.000885
33400_36407,ASCUS,0.076427,ASCUS,0.64517534,1.000000,147.675079,77.332657,310.873749
18808_44919,ASCUS,0.069750,ASCUS,0.9972242,380.835449,212.947235,571.185547,339.086456
40696_30935,ASCUS,0.008279,ASCUS,0.9204571,302.294861,52.135796,551.546448,219.734375
41912_9655,ASCUS,0.118131,ASCUS,0.5025441,265.476868,285.421570,456.377502,592.414673
41912_9655,ASCUS,0.686586,ASCUS,0.99548435,5.899200,343.677063,144.163620,603.240662
41912_9655,ASCUS,0.998630,ASCUS,0.9866616,224.861664,3.684296,426.310883,271.201508
13336_24855,ASCUS,0.116678,ASCUS,0.99999774,88.721878,1.000000,289.757751,125.072998
28536_30935,ASCUS,0.016087,ASCUS,0.9817646,4.831985,481.084198,150.061859,600.142456
43736_49175,ASCUS,0.553553,ASCUS,0.62193,198.595825,68.211166,363.733154,271.318787
46168_19991,ASCUS,0.212777,ASCUS,0.99994326,253.752716,476.883087,476.959747,572.011780
8472_35191,ASCUS,0.963453,ASCUS,0.5882433,330.683228,328.228668,542.034851,580.566833
8472_35191,ASCUS,0.954341,ASCUS,0.9999794,39.765785,224.918396,291.238953,376.235352
20632_18167,ASCUS,0.999784,ASCUS,0.9984547,105.642159,321.605438,208.005432,408.442963
20632_18167,ASCUS,0.999450,ASCUS,0.9920582,153.386749,385.413971,256.534882,473.935577
36440_29111,ASCUS,0.969888,ASCUS,0.99997425,125.475334,57.118423,237.553406,193.514359
36440_29111,ASCUS,0.971390,ASCUS,0.99971825,65.917419,8.508930,170.136353,130.113113
33400_18167,ASCUS,0.686678,ASCUS,0.99985385,406.535858,407.697266,532.202393,484.117371
33400_18167,ASCUS,0.142242,ASCUS,0.999443,465.049652,383.513733,555.290283,429.960876
33400_18167,ASCUS,0.096404,ASCUS,0.99993765,517.847168,197.968384,608.000000,356.249451
51640_21815,ASCUS,0.117161,ASCUS,0.8875579,351.646118,55.128784,599.406982,309.684326
51640_21815,ASCUS,0.367269,ASCUS,0.99950707,93.425255,263.469940,236.687714,417.637360
51640_21815,ASCUS,0.075223,ASCUS,0.999866,251.793045,115.613808,331.882812,246.556641
40696_8439,ASCUS,0.947454,ASCUS,0.9981998,440.299255,312.544128,606.481018,484.383789
40696_8439,ASCUS,0.244457,ASCUS,0.7113967,75.890221,37.369766,271.073517,179.899704
15768_21207,ASCUS,0.074074,ASCUS,0.7967182,319.744812,423.065918,443.403015,608.000000
46168_34583,ASCUS,0.384530,ASCUS,0.9797004,51.602249,134.952805,167.083878,226.627304
46168_34583,ASCUS,0.225738,ASCUS,0.9932601,36.878944,193.381042,164.786621,298.482300
46168_34583,ASCUS,0.170122,ASCUS,0.9800624,117.734200,87.125061,209.450867,227.853210
46168_34583,ASCUS,0.063997,ASCUS,0.9915126,1.000000,243.219482,75.652084,325.225037
46168_34583,ASCUS,0.062832,ASCUS,0.6361069,1.733522,154.200500,58.794189,256.454102
46168_34583,ASCUS,0.054184,ASCUS,0.9801927,10.855946,47.204414,96.088165,186.230927
51640_32151,ASCUS,0.140336,ASCUS,0.98073375,474.271942,543.392090,546.935852,604.488281
20024_40055,ASCUS,0.846884,ASCUS,0.9902963,132.530182,38.054508,276.588867,132.291824
7256_32759,ASCUS,0.385183,ASCUS,0.99721503,120.814514,26.569450,288.583191,157.237396
7256_32759,ASCUS,0.134494,ASCUS,0.904675,346.969055,86.229469,494.415588,195.685120
18200_37015,ASCUS,0.599784,ASCUS,0.9919451,77.832672,357.406647,364.500916,581.429871
52248_26071,ASCUS,0.027657,ASCUS,0.9999784,442.262787,567.581848,607.815430,608.000000
18808_44311,ASCUS,0.977947,ASCUS,0.9121279,354.428467,31.287148,467.319580,273.696533
20632_41271,ASCUS,0.948584,ASCUS,0.99910885,231.257248,304.547516,336.661194,472.682648
29144_6007,ASCUS,0.057414,ASCUS,0.89851624,17.549553,199.264725,223.413147,584.575867
19416_24855,ASCUS,0.178255,ASCUS,0.999913,182.835297,372.257812,306.772675,516.210327
30968_50999,ASCUS,0.942043,ASCUS,0.99999905,286.923065,103.274887,393.225861,241.029648
24280_52823,ASCUS,0.953026,ASCUS,0.9999093,33.988152,11.188812,242.019989,264.137421
24280_52823,ASCUS,0.992731,ASCUS,0.99831295,213.424133,353.590271,342.212463,504.749695
21240_21815,ASCUS,0.128688,ASCUS,0.9944781,141.732162,2.680073,222.492630,75.751389
3608_28503,ASCUS,0.006592,ASCUS,0.9942675,478.244537,14.964115,536.564209,72.475235
3608_28503,ASCUS,0.788143,ASCUS,0.99803716,294.202515,416.479156,551.768555,589.537231
3608_28503,ASCUS,0.374590,ASCUS,0.8117705,59.796722,111.779213,252.935486,250.302979
7864_24247,ASCUS,0.830010,ASCUS,0.5086116,306.274170,192.153442,471.528870,344.004333
33400_10871,ASCUS,0.102791,ASCUS,0.9857113,323.509033,6.280989,423.633911,66.974678
31576_37623,ASCUS,0.006674,ASCUS,0.9906301,459.563751,454.137146,605.966309,560.984741
31576_37623,ASCUS,0.993523,ASCUS,0.9998708,2.499496,268.934082,167.322250,477.463135
33400_7831,ASCUS,0.122631,ASCUS,0.76352495,94.946190,300.200439,249.937042,445.868469
33400_7831,ASCUS,0.100318,ASCUS,0.56665826,184.608627,335.152893,311.359497,547.201660
47992_22423,ASCUS,0.909482,ASCUS,0.9960246,304.319336,42.314178,475.530029,194.466553
47992_22423,ASCUS,0.996540,ASCUS,0.9524701,129.210876,437.176392,312.558655,596.240356
33400_10263,ASCUS,0.989498,ASCUS,0.97218305,118.540726,135.704773,322.763489,291.440369
18200_41271,ASCUS,0.472315,ASCUS,0.99735224,161.080246,125.332970,264.192993,255.501770
18200_41271,ASCUS,0.174528,ASCUS,0.9998604,24.263718,534.136108,129.469040,608.000000
30968_36407,ASCUS,0.781203,ASCUS,0.9953875,144.372528,435.081482,281.915955,608.000000
35832_29111,ASCUS,0.981487,ASCUS,0.99999905,150.960464,5.236794,224.701492,167.264252
8472_21815,ASCUS,0.913608,ASCUS,0.999995,370.130737,422.623901,489.690491,544.267395
37048_48567,ASCUS,0.595222,ASCUS,0.9983511,214.256821,114.663506,452.234375,214.577637
23064_33367,ASCUS,0.620910,ASCUS,0.9984091,509.477020,263.366852,569.108276,324.130157
23064_33367,ASCUS,0.956637,ASCUS,0.9999988,489.011902,178.527237,578.896545,277.286255
23064_33367,ASCUS,0.173408,ASCUS,0.98551184,1.597729,13.210907,72.399551,188.395264
21240_50999,ASCUS,0.983752,ASCUS,0.6592643,12.400017,302.386597,172.892059,475.617737
49208_25463,ASCUS,0.025168,ASCUS,0.9709882,293.010559,338.352417,486.268860,470.975037
18200_45527,ASCUS,0.413488,ASCUS,0.99742126,50.709534,345.769684,314.712006,508.148529
12728_30327,ASCUS,0.916090,ASCUS,0.82209057,28.225288,58.447884,216.302979,281.502136
48600_26679,ASCUS,0.966574,ASCUS,0.9977295,143.112579,410.023529,267.042145,490.553436
48600_26679,ASCUS,0.994361,ASCUS,0.99656963,61.962692,419.447906,171.571213,517.224365
48600_26679,ASCUS,0.291253,ASCUS,0.99947566,46.500973,484.045074,138.909683,548.963196
48600_26679,ASCUS,0.057571,ASCUS,0.98748904,9.594948,116.219604,159.874207,196.530823
35224_8439,ASCUS,0.905894,ASCUS,0.9997398,197.684662,350.323914,273.425690,440.824097
8472_27287,ASCUS,0.965302,ASCUS,0.5452177,76.081375,139.273224,261.293030,359.979126
26712_20599,ASCUS,0.973241,ASCUS,0.83008796,342.321747,401.812683,450.829376,486.964844
9688_33975,ASCUS,0.985187,ASCUS,0.99869835,318.396423,245.082733,539.351013,373.121368
10296_38839,ASCUS,0.924221,ASCUS,0.99823064,159.051636,33.013817,328.338135,169.444275
10296_38839,ASCUS,0.789859,ASCUS,0.9991843,1.000000,383.412476,337.839020,566.000000
10296_38839,ASCUS,0.162122,ASCUS,0.99952126,415.154968,284.497742,504.847717,445.746826
12728_42487,ASCUS,0.653700,ASCUS,0.73636276,135.343857,33.130020,525.402283,302.872620
45560_44311,ASCUS,0.771065,ASCUS,0.99997973,432.597839,279.509338,517.967712,415.340637
33400_8439,ASCUS,0.994109,ASCUS,0.9993905,10.777618,354.043457,143.762894,522.260254
33400_8439,ASCUS,0.187090,ASCUS,0.99888474,424.141754,474.340057,561.309814,575.080627
33400_8439,ASCUS,0.118065,ASCUS,0.96060854,383.334229,510.070770,506.803650,605.558594
34008_24855,ASCUS,0.285991,ASCUS,0.9998123,64.472542,78.778992,203.890442,203.758148
34008_24855,ASCUS,0.991147,ASCUS,0.9992261,377.145538,216.968796,447.012299,400.322449
34616_28503,ASCUS,0.651553,ASCUS,0.98741,327.976562,284.415497,525.099243,502.260834
35224_10263,ASCUS,0.095302,ASCUS,0.9994941,145.713867,118.643013,249.226990,259.434082
35224_10263,ASCUS,0.056512,ASCUS,0.9575514,48.749588,105.023560,153.493744,273.277344
25496_30935,ASCUS,0.432230,ASCUS,0.999987,288.654358,8.363159,590.097412,200.549789
9688_15735,ASCUS,0.876913,ASCUS,0.9999609,248.690063,392.430389,404.347961,516.176453
9688_15735,ASCUS,0.195806,ASCUS,0.9999871,31.921425,11.435371,217.462616,142.714966
27320_45527,ASCUS,0.596328,ASCUS,0.99954224,356.591431,291.780579,482.905029,408.717102
27320_45527,ASCUS,0.158817,ASCUS,0.9954235,476.536865,401.769989,588.314697,536.262451
46168_11479,ASCUS,0.302516,ASCUS,0.998007,5.465904,360.423553,164.294250,464.545746
16376_46743,ASCUS,0.655252,ASCUS,0.9991153,1.000000,33.808640,176.075745,182.991623
14552_40663,ASCUS,0.128121,ASCUS,0.9998989,228.152481,65.933884,421.883667,232.570206
14552_40663,ASCUS,0.664848,ASCUS,0.96877676,139.626862,159.569183,237.240387,346.186798
51032_39447,ASCUS,0.555948,ASCUS,0.99979025,314.586365,288.321899,509.870728,499.972412
24280_15735,ASCUS,0.946395,ASCUS,0.9279784,88.198158,229.512100,259.079773,419.982971
24280_15735,ASCUS,0.460445,ASCUS,0.9799335,58.602531,35.572289,183.568115,234.905609
24280_15735,ASCUS,0.189872,ASCUS,0.99974364,148.718521,62.378906,293.787598,204.492065
7864_26071,ASCUS,0.998788,ASCUS,0.9513551,298.946289,185.933914,485.003296,539.526672
24280_20599,ASCUS,0.996433,ASCUS,0.9997478,38.571213,212.359726,365.770386,441.790283
29144_40055,ASCUS,0.247585,ASCUS,0.79836464,426.638000,24.436684,608.000000,246.203003
29144_40055,ASCUS,0.107504,ASCUS,0.9994236,19.252718,391.461945,71.904503,498.128082
53464_23639,ASCUS,0.371494,ASCUS,0.8561248,80.808075,47.545860,265.068878,202.013245
16984_30935,ASCUS,0.971329,ASCUS,0.90281117,256.755493,250.594864,500.129456,509.586060
42520_18775,ASCUS,0.115076,ASCUS,0.8778927,197.843231,71.615578,338.107025,243.766479
26104_38231,ASCUS,0.971565,ASCUS,0.99999726,100.710457,388.947449,231.811859,471.253906
36440_39447,ASCUS,0.913943,ASCUS,0.98552436,143.421692,17.095039,362.458252,169.851105
20632_37015,ASCUS,0.007795,ASCUS,0.9981798,83.457504,229.692688,278.378357,373.990051
18808_23639,ASCUS,0.101057,ASCUS,0.85391474,200.996048,215.649429,402.003906,355.182983
37048_31543,ASCUS,0.009081,ASCUS,0.9810517,423.464569,324.465729,515.487488,484.919586
37048_31543,ASCUS,0.986556,ASCUS,0.99986506,1.000000,169.339172,253.474335,394.066284
41304_47959,ASCUS,0.764909,ASCUS,0.94233936,203.833557,439.058044,584.375305,607.692200
24280_50391,ASCUS,0.633736,ASCUS,0.9997003,91.450058,459.779938,270.063843,606.663940
24280_50391,ASCUS,0.276391,ASCUS,0.8100382,30.289070,192.013382,170.003113,295.971741
15768_8439,ASCUS,0.973763,ASCUS,0.9999883,246.412720,376.449707,355.904419,496.503174
13336_19383,ASCUS,0.631415,ASCUS,0.9991529,190.885147,477.968079,377.709351,603.256531
13336_19383,ASCUS,0.990424,ASCUS,0.9908874,380.083649,20.105057,542.512085,165.225388
20632_15735,ASCUS,0.973510,ASCUS,0.8038432,37.756409,28.978783,326.806396,249.688599
20632_15735,ASCUS,0.122743,ASCUS,0.99535465,26.525620,416.176575,174.910812,552.346680
9080_41879,ASCUS,0.978170,ASCUS,0.99842864,196.090591,13.939606,539.289307,449.995697
48600_40663,ASCUS,0.023780,ASCUS,0.9999975,23.114502,1.000000,387.394989,608.000000
15768_7831,ASCUS,0.494844,ASCUS,0.9998129,102.783104,488.505219,242.367859,608.000000
30360_29111,ASCUS,0.539266,ASCUS,0.99990714,345.347717,66.412003,464.915955,199.584702
30360_29111,ASCUS,0.392559,ASCUS,0.9998099,337.400787,2.507444,439.621246,38.474358
10296_16343,ASCUS,0.798666,ASCUS,0.99914575,404.644165,256.947144,531.238525,376.169250
10296_16343,ASCUS,0.063935,ASCUS,0.9967398,313.283905,66.246872,401.240692,182.247192
10296_16343,ASCUS,0.063372,ASCUS,0.9938869,78.669968,538.530518,139.864487,589.562500
44952_46743,ASCUS,0.218634,ASCUS,0.99643266,66.069061,84.219009,199.761780,166.902283
9080_36407,ASCUS,0.918854,ASCUS,0.9999982,102.769348,8.553177,176.542725,178.386490
47992_35191,ASCUS,0.870812,ASCUS,0.99890876,328.820831,70.015594,543.445312,194.522675
47992_35191,ASCUS,0.105275,ASCUS,0.9881628,231.657654,460.002411,402.541138,590.053589
20024_19991,ASCUS,0.994625,ASCUS,0.99713933,85.011597,21.530746,225.950317,180.021378
43128_26679,ASCUS,0.595029,ASCUS,0.9913532,264.449677,322.240814,451.684845,562.996033
4216_32151,ASCUS,0.478616,ASCUS,0.9999944,276.640625,357.153931,388.603333,533.356750
24888_44919,ASCUS,0.999647,ASCUS,0.9867736,234.859192,303.378723,385.543274,455.408752
33400_29719,ASCUS,0.802752,ASCUS,0.9943825,313.793213,241.798477,440.719666,508.067383
33400_29719,ASCUS,0.497434,ASCUS,0.9162937,248.520569,373.574677,400.238464,563.512817
33400_29719,ASCUS,0.006185,ASCUS,0.97298175,39.831501,452.880219,97.605423,519.699829
40088_33367,ASCUS,0.019686,ASCUS,0.9998908,277.447235,508.948425,419.874847,606.123840
40088_33367,ASCUS,0.990293,SCC,0.8291065,149.311752,139.597412,410.625000,329.034729
40696_13303,ASCUS,0.409132,ASCUS,0.9331207,2.771397,303.976562,72.650513,491.075012
40696_13303,ASCUS,0.486806,ASCUS,0.9997267,3.008484,19.906441,134.511642,134.386169
16984_10871,ASCUS,0.851400,ASCUS,0.9532874,1.000000,8.129562,608.000000,339.545105
16984_10871,ASCUS,0.147695,ASCUS,0.75450385,73.159637,1.000000,539.400635,371.750702
16984_10871,ASCUS,0.704939,ASCUS,0.9061295,458.575745,402.454041,591.578430,566.897522
14552_9655,ASCUS,0.975157,ASCUS,0.99240416,5.381645,106.787323,212.334595,223.095184
41304_18167,ASCUS,0.961316,ASCUS,0.9833415,96.771736,208.738342,263.325592,406.469482
23064_24247,ASCUS,0.999418,ASCUS,0.9999403,313.314789,376.994629,478.599091,589.762390
12120_35191,ASCUS,0.068588,ASCUS,0.94555855,502.357697,284.299744,608.000000,414.489441
12120_35191,ASCUS,0.046563,LSIL,1.0,251.345505,22.596298,398.008606,181.818832
41304_10871,ASCUS,0.776094,ASCUS,0.9860799,256.333984,343.013428,608.000000,466.415710
35832_40055,ASCUS,0.358082,ASCUS,0.9324397,359.457764,182.759094,546.276367,306.675903
35832_40055,ASCUS,0.025670,ASCUS,0.98884064,92.040161,133.715210,376.196167,361.262299
29144_29719,ASCUS,0.893783,ASCUS,0.99763954,341.887909,307.319519,482.263580,423.260925
29144_29719,ASCUS,0.797591,ASCUS,0.99961,334.842773,439.644836,506.455933,579.492371
29144_29719,ASCUS,0.297447,ASCUS,0.9976278,317.331329,242.493088,461.572418,345.885193
27928_17559,ASCUS,0.092161,ASCUS,0.9999695,283.773315,1.000000,414.085205,75.911713
12120_16343,ASCUS,0.087949,ASCUS,0.9877622,1.953003,359.148315,177.079742,608.000000
12120_16343,ASCUS,0.358807,ASCUS,0.9910636,1.000000,281.722137,105.920761,386.402313
32184_10263,ASCUS,0.972438,ASCUS,0.99997354,171.930756,493.730408,366.098785,603.472229
28536_36407,ASCUS,0.277654,ASCUS,0.99876165,202.406342,110.859680,332.926300,233.735779
34008_42487,ASCUS,0.580151,ASCUS,0.96523094,275.498779,323.147186,420.156311,436.776276
24888_14519,ASCUS,0.908384,ASCUS,0.99986005,103.159241,271.329315,197.019165,364.494232
23064_27895,ASCUS,0.058952,ASCUS,0.9773287,359.237610,406.068237,500.191406,548.740784
47992_19991,ASCUS,0.973348,ASCUS,0.91321295,134.493668,1.000000,429.402283,386.092224
47992_19991,ASCUS,0.432463,ASCUS,0.97472453,348.318481,342.118256,507.491699,563.839722
32792_27895,ASCUS,0.141917,ASCUS,0.9971112,275.644135,13.486103,391.130402,106.268356
32792_27895,ASCUS,0.930893,ASCUS,0.9999703,438.121704,201.362762,596.272095,431.095001
32792_27895,ASCUS,0.013327,LSIL,0.9508988,31.951447,340.489960,138.137802,485.066437
13336_28503,ASCUS,0.963690,ASCUS,0.96300286,390.611115,358.494171,595.844482,502.348358
21848_15127,ASCUS,0.308779,ASCUS,0.9970782,209.165573,5.427628,313.937622,165.750153
18808_32151,ASCUS,0.966354,ASCUS,0.9997358,67.269890,216.510040,166.687042,387.014923
18808_32151,ASCUS,0.242138,ASCUS,0.8528683,184.020660,293.377106,476.061371,556.741089
29752_24855,ASCUS,0.959319,ASCUS,0.99604493,316.316345,236.878616,445.351746,429.953613
29752_24855,ASCUS,0.105261,ASCUS,0.9999083,4.005959,8.976585,152.003296,96.235123
14552_17559,ASCUS,0.836725,ASCUS,0.8740972,153.115112,308.415222,367.534607,467.597412
14552_17559,ASCUS,0.135109,ASCUS,0.96854925,125.171898,9.283485,331.100403,177.536926
25496_12695,ASCUS,0.964128,ASCUS,0.9998229,5.634796,368.798004,267.775696,604.750000
25496_12695,ASCUS,0.985429,ASCUS,0.9997023,430.836700,109.446632,608.000000,357.122467
33400_49783,ASCUS,0.485694,ASCUS,0.93909836,192.288483,157.137970,362.975861,302.950836
33400_49783,ASCUS,0.908785,ASCUS,0.97767115,278.674072,210.668549,436.569580,390.452484
38264_51607,ASCUS,0.268416,ASCUS,0.99899775,331.925690,108.851944,447.271454,269.458801
41304_35799,ASCUS,0.523592,ASCUS,0.9726979,393.796326,237.846741,608.000000,380.919678
34616_21207,ASCUS,0.047466,ASCUS,0.52819836,11.602089,411.822845,113.837822,496.862091
40696_33975,ASCUS,0.918585,ASCUS,0.86352986,58.167526,372.634064,284.302979,573.203552
45560_18167,ASCUS,0.681912,ASCUS,0.99885106,243.116226,348.777618,339.140381,523.107483
45560_18167,ASCUS,0.370197,ASCUS,0.98933595,39.439796,20.356140,168.185638,222.133270
49816_41271,ASCUS,0.859179,ASCUS,0.52399504,197.452362,51.403885,396.023346,259.137695
49816_41271,ASCUS,0.044875,ASCUS,0.9857218,462.262390,227.468948,572.413025,373.434753
39480_29111,ASCUS,0.211961,ASCUS,0.9700023,9.451256,374.709656,224.047394,545.501099
16376_9655,ASCUS,0.103039,ASCUS,0.9859584,244.223282,1.000000,549.464539,192.729706
18808_22423,ASCUS,0.918381,ASCUS,0.99728453,413.309296,132.286636,603.649536,291.588867
18808_22423,ASCUS,0.248420,ASCUS,0.933793,175.194031,299.044464,263.833740,524.643372
30968_52215,ASCUS,0.063885,ASCUS,0.6420347,62.146980,160.836899,237.306122,279.833405
30968_52215,ASCUS,0.187753,ASCUS,0.82724947,441.711639,62.914192,604.851318,306.025421
30968_52215,ASCUS,0.487071,ASCUS,0.9827414,186.776382,476.032562,303.031891,607.241394
31576_46135,ASCUS,0.080762,ASCUS,0.9999701,434.741699,267.235016,551.094238,370.058685
16376_42487,ASCUS,0.991046,ASCUS,0.9994547,359.762451,376.254730,608.000000,573.548584
39480_31543,ASCUS,0.600883,ASCUS,0.98337513,125.295212,221.483566,302.478638,414.635071
35832_19991,ASCUS,0.990140,ASCUS,0.99921274,131.814743,381.629211,258.538025,526.383484
42520_26679,ASCUS,0.324076,ASCUS,0.98075324,262.545227,70.774681,449.085449,208.507690
22456_19383,ASCUS,0.217182,ASCUS,0.9580711,106.808540,147.880188,303.995514,247.235596
23672_40663,ASCUS,0.398353,ASCUS,0.99478936,1.840096,411.299194,86.325462,592.352173
6648_33367,ASCUS,0.515772,ASCUS,0.999329,10.912193,68.529922,176.005829,266.075439
23064_50999,ASCUS,0.986722,ASCUS,0.90898794,444.937317,257.788269,572.133667,423.659241
13944_33367,ASCUS,0.186164,ASCUS,0.987765,307.679993,187.437012,471.303894,367.687561
13944_33367,ASCUS,0.854038,ASCUS,0.6042882,152.433350,112.615051,259.969910,392.627869
32184_7223,ASCUS,0.486787,ASCUS,0.86914563,2.976559,19.008030,55.118233,117.292679
32184_7223,ASCUS,0.617398,ASCUS,0.9985091,38.270367,23.848190,131.169769,129.829605
13944_21815,ASCUS,0.924158,ASCUS,0.9997272,228.509689,51.053894,324.766632,198.789383
10296_37015,ASCUS,0.212803,ASCUS,0.998806,444.549438,273.773071,544.481079,373.673523
10296_37015,ASCUS,0.188984,ASCUS,0.99992216,69.688477,7.806744,194.952393,130.111069
4216_27895,ASCUS,0.418191,ASCUS,0.9847284,408.218262,209.126831,572.324890,483.810791
34008_49783,ASCUS,0.205498,ASCUS,0.9915553,279.860321,232.864777,452.456207,397.889130
34008_49783,ASCUS,0.115195,ASCUS,0.58749264,1.000000,276.291138,121.904007,422.502441
19416_44919,ASCUS,0.006311,ASCUS,0.9989503,269.651031,40.884785,460.472931,160.975021
19416_44919,ASCUS,0.581558,ASCUS,0.99914956,526.786926,331.726685,608.000000,463.143677
10904_37623,ASCUS,0.961067,ASCUS,0.9998981,236.877731,331.730499,518.554504,608.000000
32792_23031,ASCUS,0.086932,ASCUS,0.5170566,343.354889,263.326447,483.508148,388.953339
20632_33367,ASCUS,0.030225,ASCUS,0.999874,56.061920,271.484680,426.527924,597.954407
20632_33367,ASCUS,0.922772,ASCUS,0.96148634,359.042267,268.896973,499.983734,412.842468
20632_33367,ASCUS,0.124288,ASCUS,0.99905866,202.634064,132.808624,361.760345,340.066803
11512_33975,ASCUS,0.997023,ASCUS,0.9986981,77.146996,389.783539,219.952423,504.005707
11512_33975,ASCUS,0.440518,ASCUS,0.98257464,349.294159,237.182083,440.872772,413.841675
12728_40055,ASCUS,0.326854,ASCUS,0.7818638,503.581482,412.548462,608.000000,557.235779
8472_27895,ASCUS,0.961056,ASCUS,0.9949975,337.633484,277.464600,608.000000,513.139099
21848_51607,ASCUS,0.991441,ASCUS,0.9999366,19.316956,104.262680,279.558624,335.086487
31576_41271,ASCUS,0.728939,ASCUS,0.9904695,222.083160,340.906616,426.899139,456.723450
27928_43703,ASCUS,0.732980,ASCUS,0.9994949,1.000000,1.000000,578.152771,347.890381
27928_43703,ASCUS,0.084029,ASCUS,0.99666995,14.418442,48.021301,353.249756,354.971558
27928_43703,ASCUS,0.195045,ASCUS,0.86302704,386.652100,321.798279,566.037109,455.005005
27928_43703,ASCUS,0.099320,ASCUS,0.9998987,357.152039,459.172302,437.380005,540.327393
23064_51607,ASCUS,0.990982,ASCUS,0.5376148,430.288605,238.763779,522.354614,459.642029
23064_51607,ASCUS,0.079237,ASCUS,0.6035801,448.816406,97.772209,608.000000,247.129669
29144_9047,ASCUS,0.154639,ASCUS,0.99999464,55.708519,147.951050,253.982147,350.356567
29144_9047,ASCUS,0.996381,ASCUS,0.99703133,382.482208,38.054077,556.821045,211.297974
31576_10263,ASCUS,0.993974,ASCUS,0.99998844,202.255463,22.592918,303.071411,210.114563
31576_10263,ASCUS,0.142698,ASCUS,0.9549716,3.179462,189.822449,55.220753,333.518127
31576_10263,ASCUS,0.057437,ASCUS,0.8676681,36.088470,75.108932,214.604935,192.518234
13944_28503,ASCUS,0.185096,ASCUS,0.85386664,158.210419,200.675613,300.716858,305.727814
13944_28503,ASCUS,0.108089,ASCUS,0.9995419,289.421265,303.955383,406.538330,380.777405
23672_10871,ASCUS,0.087280,ASCUS,0.98005784,469.613647,9.099781,596.868164,111.493332
23672_10871,ASCUS,0.086490,ASCUS,0.70449203,47.659882,453.687805,203.477188,608.000000
15160_33367,ASCUS,0.149619,ASCUS,0.9728407,46.498894,362.546753,233.936096,526.727295
23064_11479,ASCUS,0.572512,ASCUS,0.96401566,45.619034,254.597290,203.222778,395.168640
38264_19991,ASCUS,0.086793,ASCUS,0.9751398,3.045269,222.333847,118.939240,348.802460
46168_40055,ASCUS,0.662839,ASCUS,0.9995751,160.870834,123.590744,281.754669,269.365295
32792_41879,ASCUS,0.940207,ASCUS,0.9985837,400.040009,226.554169,551.242676,297.200958
28536_35191,ASCUS,0.918347,ASCUS,0.99800783,281.752502,96.718834,433.388733,235.232086
28536_35191,ASCUS,0.986579,ASCUS,0.9949528,345.140045,51.356453,544.069458,195.763580
33400_49175,ASCUS,0.965222,ASCUS,0.99736565,367.040741,314.922089,606.470154,563.076782
10296_23031,ASCUS,0.601423,ASCUS,0.99966705,45.803497,101.090439,363.359711,369.098450
16376_17559,ASCUS,0.135794,ASCUS,0.8115696,28.386597,356.389404,205.977356,516.052612
6648_36407,ASCUS,0.422633,ASCUS,0.9966461,208.485458,471.017212,441.259094,594.240967
6648_36407,ASCUS,0.308698,ASCUS,0.7822759,9.345741,310.452576,106.454063,568.725708
23064_7223,LSIL,0.599992,LSIL,0.9999968,78.823143,335.067291,324.389618,565.760925
12728_13911,ASCUS,0.372538,ASCUS,0.5056075,261.636902,179.349960,372.655701,281.171753
12728_13911,ASCUS,0.111171,ASCUS,0.99942625,347.362244,210.171387,428.821106,311.713867
41912_11479,ASCUS,0.392583,ASCUS,0.99985147,252.580856,213.579620,395.798584,451.684296
20632_38839,ASCUS,0.943909,ASCUS,0.84511423,51.694138,27.387825,229.716354,174.676422
20632_38839,ASCUS,0.101082,ASCUS,0.996418,50.313271,160.955093,183.323669,265.279663
20632_38839,ASCUS,0.752458,ASCUS,0.97944885,273.864502,441.738098,420.884094,593.175964
27928_5399,ASCUS,0.010791,ASCUS,0.9998404,197.024719,103.579697,401.348572,331.262573
26104_15127,ASCUS,0.232228,ASCUS,0.9670314,162.682587,62.751308,326.484100,157.285309
26104_15127,ASCUS,0.334294,ASCUS,0.91400737,289.396820,31.051949,504.873749,139.807739
26104_33367,ASCUS,0.551853,ASCUS,0.9995623,87.232536,203.472778,290.312988,335.571045
26104_33367,ASCUS,0.092628,ASCUS,0.78980035,541.318420,191.965881,604.545349,395.063171
26104_33367,ASCUS,0.076046,ASCUS,0.82386845,429.559174,332.090210,606.243530,461.508362
28536_54039,ASCUS,0.585178,ASCUS,0.9949222,13.224663,106.666779,157.390411,269.528320
16984_19991,ASCUS,0.096219,ASCUS,0.9991509,211.955841,5.902899,310.168976,69.423157
39480_38231,ASCUS,0.966396,ASCUS,0.99888283,156.032898,264.888885,287.500122,446.193024
39480_38231,ASCUS,0.082335,ASCUS,0.99972326,33.034657,353.448303,137.840515,491.392517
18200_22423,ASCUS,0.088715,ASCUS,0.9992207,98.903954,180.763565,198.452148,327.254028
18200_22423,ASCUS,0.263033,ASCUS,0.98082936,137.544647,5.926491,305.587128,146.876465
10296_30935,ASCUS,0.904767,ASCUS,0.9999999,19.110527,117.429459,219.055542,383.474854
10296_30935,ASCUS,0.968864,ASCUS,0.9995474,505.587769,254.921021,576.923950,413.141235
15160_27895,ASCUS,0.174386,ASCUS,0.84240055,333.790955,116.644447,426.882996,277.925507
15160_27895,ASCUS,0.866228,ASCUS,0.5837821,411.273102,49.393066,533.527893,284.504608
15160_27895,ASCUS,0.054734,ASCUS,0.9915547,489.671051,213.905701,595.799438,308.634583
21848_36407,ASCUS,0.159325,ASCUS,0.9992111,200.760773,1.000000,385.746674,57.331249
21848_36407,ASCUS,0.080096,ASCUS,0.9999229,321.781860,125.820419,590.674866,503.298157
34616_50391,ASCUS,0.441309,ASCUS,0.99974626,311.947784,508.976593,466.191254,606.922668
36440_30935,ASCUS,0.234229,ASCUS,0.996807,413.751129,344.100037,603.625488,481.531433
24888_18775,ASCUS,0.415328,ASCUS,0.9999511,275.047424,318.095886,488.332458,459.401001
24888_18775,LSIL,0.288761,LSIL,0.9110834,451.770050,123.704315,594.926147,305.681671
20632_16951,ASCUS,0.083008,ASCUS,0.8624242,25.925922,329.295105,144.463303,463.990417
20632_16951,LSIL,0.189232,LSIL,0.6182939,91.313034,363.835754,310.478394,581.179932
24280_38231,ASCUS,0.344541,ASCUS,0.94502616,159.118576,289.980042,346.842590,423.274780
21848_19991,ASCUS,0.983525,ASCUS,0.9876066,225.726868,327.463287,372.118164,563.212280
21848_19991,ASCUS,0.329299,ASCUS,0.9972078,64.529213,323.082977,217.161896,471.489716
37048_13303,ASCUS,0.031079,ASCUS,0.9516976,224.232620,431.072479,409.647522,554.780640
40088_46135,ASCUS,0.531598,ASCUS,0.6258147,150.381790,70.872025,313.349060,333.152344
40088_46135,ASCUS,0.067539,ASCUS,0.9978167,32.465691,290.085327,124.550484,390.774353
52248_30327,ASCUS,0.452952,ASCUS,0.85697633,113.046204,154.544189,443.857361,511.768372
39480_13303,ASCUS,0.011623,ASCUS,0.99966085,73.033852,439.565063,236.215668,532.032593
39480_13303,LSIL,0.021834,LSIL,0.7185152,76.453003,441.959473,222.977234,539.395447
47992_33367,ASCUS,0.044457,ASCUS,0.89199936,92.579041,303.822144,218.438385,440.648560
47992_33367,ASCUS,0.902660,LSIL,0.7874785,349.993530,164.834213,525.666138,307.865845
52856_35191,ASCUS,0.735488,ASCUS,0.83610386,200.092865,402.975586,487.070038,608.000000
52856_35191,ASCUS,0.206879,ASCUS,0.98747766,20.389145,108.106583,191.692093,323.966003
25496_22423,ASCUS,0.248399,ASCUS,0.95116633,33.281292,55.017181,151.310226,279.777496
21240_9655,ASCUS,0.764714,ASCUS,0.99921536,388.519073,397.483978,504.662628,557.541138
21240_9655,ASCUS,0.058288,ASCUS,0.9999114,307.883911,180.077103,408.029358,273.643311
51032_30935,ASCUS,0.735252,ASCUS,0.8986155,52.727005,371.035187,314.144836,580.204834
9688_26071,ASCUS,0.601764,ASCUS,0.8909349,417.629944,391.803528,570.452637,579.539490
9688_26071,ASCUS,0.121364,ASCUS,0.9988424,330.078461,57.538483,496.411102,129.748123
37048_41271,ASCUS,0.022059,ASCUS,0.9995726,483.817719,395.756927,548.886047,462.033051
16984_46743,ASCUS,0.997315,ASCUS,0.53904176,325.282379,119.731834,467.799164,303.837494
13944_12087,ASCUS,0.277229,ASCUS,0.9953596,457.742981,7.878677,579.141296,162.068802
18808_25463,ASCUS,0.880281,ASCUS,0.9689878,363.003387,15.944092,608.000000,546.387024
18808_25463,ASCUS,0.712347,ASCUS,0.9999671,93.194244,440.620026,201.993835,577.031799
35224_40663,ASCUS,0.245316,ASCUS,0.925432,22.781223,167.475006,129.179611,321.596100
35224_40663,ASCUS,0.081233,ASCUS,0.99999,2.673557,19.914394,119.335831,135.173691
38264_47959,ASCUS,0.993492,ASCUS,0.9985494,201.279419,391.740143,383.072021,532.857361
12728_16343,ASCUS,0.664792,ASCUS,0.61765945,146.201508,11.019920,328.722321,158.558319
12728_16343,ASCUS,0.351356,ASCUS,0.9840217,192.333923,356.853119,464.172791,583.686951
12728_16343,ASCUS,0.926407,ASCUS,0.99841714,363.857208,447.457031,543.991211,602.214111
36440_40663,ASCUS,0.351025,ASCUS,0.94386303,338.362488,495.625214,488.189392,602.043274
36440_40663,ASCUS,0.973084,ASCUS,0.9602875,95.560219,227.451584,220.396240,357.045471
36440_40663,ASCUS,0.645621,ASCUS,0.9315129,11.613846,214.059250,110.700562,339.220703
36440_40663,ASCUS,0.218535,ASCUS,0.9996927,59.726326,306.502930,172.889069,404.528198
15160_12087,ASCUS,0.283601,ASCUS,0.7639578,182.384430,79.883949,323.236053,250.133148
15160_12087,ASCUS,0.474469,ASCUS,0.82344955,16.002090,360.836884,257.376465,587.798950
19416_11479,ASCUS,0.840930,ASCUS,0.99999845,18.937019,4.406487,119.368660,103.445023
14552_19383,ASCUS,0.076255,ASCUS,0.89929014,202.179779,433.658691,368.367218,599.011108
14552_19383,ASCUS,0.893133,ASCUS,0.9999864,407.121643,280.947540,547.225403,448.648346
14552_19383,ASCUS,0.938971,ASCUS,0.99599564,139.094498,32.929939,334.647400,184.549683
14552_19383,ASCUS,0.190474,ASCUS,0.99978465,152.197388,151.335922,259.275360,290.901794
32184_31543,ASCUS,0.192882,ASCUS,0.9847157,156.715836,505.240143,269.149109,608.000000
40696_14519,ASCUS,0.278139,ASCUS,0.99522614,106.175201,87.090950,270.181213,177.091858
44344_34583,ASCUS,0.993582,ASCUS,0.99948967,392.565277,17.279335,577.874512,152.221100
46776_15127,ASCUS,0.058599,ASCUS,0.9963548,474.326447,127.968529,573.347656,246.607849
46776_15127,ASCUS,0.457220,ASCUS,0.63771635,66.481125,54.471588,232.309067,227.360291
30968_24855,ASCUS,0.151028,ASCUS,0.99719125,66.151306,241.593079,152.897629,409.512024
4824_31543,ASCUS,0.383867,ASCUS,0.97863847,435.202271,242.950897,608.000000,422.938507
32184_47959,ASCUS,0.091907,ASCUS,0.8383816,50.721519,6.338604,133.287323,64.650009
21240_46135,ASCUS,0.165679,ASCUS,0.9983687,555.002808,117.995552,606.882812,277.486633
8472_28503,ASCUS,0.987603,ASCUS,0.97931015,306.644928,439.796539,549.180115,606.586609
43128_34583,ASCUS,0.320228,ASCUS,0.5757813,1.000000,308.770630,279.157593,534.268677
43128_34583,ASCUS,0.018073,LSIL,0.61153066,247.368057,259.297668,368.976959,372.158386
45560_21815,ASCUS,0.621669,ASCUS,0.9996445,2.476212,157.944244,130.778137,312.592285
45560_21815,ASCUS,0.779378,ASCUS,0.9879095,153.778580,482.667633,286.955017,608.000000
45560_21815,ASCUS,0.358199,ASCUS,0.9997645,341.366852,486.391296,450.390167,608.000000
52856_31543,ASCUS,0.218763,ASCUS,0.9978339,209.035187,318.777863,312.275665,491.130463
20632_11479,ASCUS,0.674929,ASCUS,0.88162965,110.052795,30.000320,357.115417,306.007080
27320_52823,ASCUS,0.168963,ASCUS,0.69464546,391.575409,151.946686,514.393616,339.833618
27320_52823,ASCUS,0.369298,ASCUS,0.8180244,75.228508,144.385345,239.745728,358.332306
37656_32151,ASCUS,0.432625,ASCUS,0.61595386,32.927872,395.293518,274.398376,602.821167
37656_32151,ASCUS,0.999149,ASCUS,0.999995,231.605804,207.093750,402.439362,392.429565
34616_46743,ASCUS,0.007781,ASCUS,0.991987,233.899567,1.000000,399.620514,140.118500
34616_46743,ASCUS,0.957769,ASCUS,0.82750714,173.985550,439.227661,364.095520,596.190918
43128_40055,ASCUS,0.195328,ASCUS,0.99569136,3.485514,13.727188,54.261116,92.723320
43128_40055,ASCUS,0.473080,ASCUS,0.9973126,10.619934,254.119263,82.917526,380.138062
43128_40055,ASCUS,0.096103,ASCUS,0.9981913,39.679916,47.707954,110.946426,105.279762
43128_40055,LSIL,0.034789,LSIL,0.6798444,3.485514,13.727188,54.261116,92.723320
35832_30327,ASCUS,0.945938,ASCUS,0.7499189,225.153259,400.964417,427.476929,605.386292
46776_26071,ASCUS,0.124740,ASCUS,0.9726874,457.515015,303.194519,596.159668,380.230164
46776_26071,ASCUS,0.759628,ASCUS,0.9985663,139.037888,70.900452,300.821228,162.555069
46776_26071,ASCUS,0.428415,ASCUS,0.99998,1.000000,349.802124,70.931808,510.185242
22456_46743,ASCUS,0.059607,ASCUS,0.2779242,586.357544,42.923927,608.000000,175.591705
22456_46743,LSIL,0.752887,LSIL,0.95272756,324.256134,313.736542,557.372192,550.280640
32184_30327,ASCUS,0.261608,ASCUS,0.99999976,4.264412,103.876755,134.708893,227.238571
32184_30327,ASCUS,0.247384,ASCUS,0.99964094,113.041260,242.469208,279.007843,376.911224
19416_22423,ASCUS,0.994684,ASCUS,0.99981767,137.638397,146.984070,244.498596,259.699585
26712_16951,ASCUS,0.624091,ASCUS,0.99985445,173.717163,459.249512,350.135193,576.276733
26712_16951,ASCUS,0.051322,ASCUS,0.8971703,567.123474,176.971786,608.000000,296.520508
16376_26679,ASCUS,0.096125,ASCUS,0.9500429,136.825806,163.838318,305.084045,309.475403
16376_26679,ASCUS,0.236202,ASCUS,0.9562372,9.147465,101.349487,78.914886,310.881042
16376_26679,ASCUS,0.111931,ASCUS,0.7870121,128.792999,253.557648,248.611786,350.560516
16376_26679,ASCUS,0.066936,ASCUS,0.999979,336.318481,7.718033,426.898804,102.120476
29144_7831,ASCUS,0.989228,ASCUS,0.7284575,131.020813,163.384369,429.205139,400.964752
28536_6615,ASCUS,0.144428,ASCUS,0.9634507,100.987724,146.359772,340.539246,262.443939
28536_6615,ASCUS,0.763005,ASCUS,0.9999571,1.000000,462.972473,177.643707,588.592224
10904_39447,ASCUS,0.212844,ASCUS,0.9989625,402.378632,538.411560,486.451569,608.000000
29144_43703,ASCUS,0.214422,ASCUS,0.99943537,244.171112,30.784958,372.243561,220.594498
29144_43703,ASCUS,0.797728,ASCUS,0.9074465,345.414307,329.280853,479.309204,512.823730
44344_16343,ASCUS,0.164737,ASCUS,0.65769154,273.357086,435.825012,425.443085,598.844177
45560_19383,ASCUS,0.326992,ASCUS,0.5164145,11.487015,147.942627,126.756195,310.039001
20632_39447,ASCUS,0.166643,ASCUS,0.7730047,131.214264,213.884476,343.069672,339.961334
34008_9655,ASCUS,0.092607,ASCUS,0.9999536,171.676025,521.499390,237.895599,596.242188
38264_24247,ASCUS,0.989089,ASCUS,0.9998615,346.464905,321.496460,608.000000,608.000000
42520_17559,ASCUS,0.033216,ASCUS,0.9950873,175.134125,179.898499,361.042694,440.391235
28536_39447,ASCUS,0.996398,ASCUS,0.9984078,317.810059,301.508545,412.634521,427.048523
28536_39447,ASCUS,0.152619,ASCUS,0.8765134,395.044800,419.502441,543.540100,599.647034
13944_34583,ASCUS,0.588119,ASCUS,0.99931645,7.019691,441.998779,116.770859,546.099670
13944_34583,ASCUS,0.097432,ASCUS,0.83587754,359.632538,78.840225,450.373016,170.841187
42520_49783,ASCUS,0.451700,ASCUS,0.9407028,241.892380,151.228500,325.096497,290.552734
3608_29111,ASCUS,0.845590,ASCUS,0.99202555,286.956848,36.713867,398.585938,235.641022
35832_24247,ASCUS,0.525414,ASCUS,0.9750352,249.909760,156.904282,416.326447,283.869568
35832_24247,ASCUS,0.194525,ASCUS,0.6528245,131.223465,54.922447,280.166992,212.463806
35832_24247,ASCUS,0.137395,ASCUS,0.99996114,48.864136,112.378738,184.365265,232.222519
32184_23639,ASCUS,0.999465,ASCUS,0.5115823,173.190460,1.000000,348.473175,335.567474
46776_41271,ASCUS,0.895002,ASCUS,0.90207255,220.222763,458.914276,381.631775,605.924438
46776_41271,ASCUS,0.838426,ASCUS,0.953624,159.526917,16.996742,330.858215,152.678436
21848_11479,ASCUS,0.916523,ASCUS,0.9668727,323.902771,82.883179,495.950439,320.435303
6040_27895,ASCUS,0.009955,ASCUS,0.9989796,318.359039,33.241489,360.366608,104.846466
6040_27895,ASCUS,0.964336,ASCUS,0.99840385,10.485046,467.318268,144.493195,598.166077
10296_12695,ASCUS,0.155916,ASCUS,0.99977475,251.549591,360.440613,382.291473,480.872009
42520_32759,ASCUS,0.918307,ASCUS,0.9687942,375.107239,481.368622,563.815979,601.383301
22456_30327,ASCUS,0.036697,ASCUS,0.9998381,218.401794,387.171967,368.131531,551.072144
22456_30327,ASCUS,0.085210,ASCUS,0.9922718,491.102692,20.469284,608.000000,148.888702
16984_23031,ASCUS,0.766485,ASCUS,0.9787996,322.230042,318.147400,518.777649,442.699951
12120_31543,ASCUS,0.811101,ASCUS,0.7395429,282.055328,221.709793,602.182007,601.489258
20024_46135,ASCUS,0.010250,ASCUS,0.9836838,10.945946,561.887024,47.783649,601.498718
20024_46135,ASCUS,0.993285,ASCUS,0.9924941,422.569183,232.458252,562.296936,403.104614
43736_43703,ASCUS,0.922352,ASCUS,0.9329988,40.000854,191.601288,212.455826,348.571442
37048_42487,ASCUS,0.142927,ASCUS,0.99896073,516.916016,385.546265,608.000000,520.095703
32792_40055,ASCUS,0.682841,ASCUS,0.9999932,311.976593,14.946533,603.634155,325.027954
9080_30935,ASCUS,0.982458,ASCUS,0.9999862,325.434204,80.973343,554.165466,324.317627
10296_28503,ASCUS,0.754556,ASCUS,0.95234025,416.177979,106.738945,554.049316,336.042908
10296_28503,ASCUS,0.354331,ASCUS,0.99832743,7.018978,532.120789,116.122543,608.000000
30360_48567,ASCUS,0.155493,ASCUS,0.99964297,190.738586,149.255203,331.662598,261.757751
32792_42487,ASCUS,0.638692,ASCUS,0.99800104,69.321594,170.277298,196.715820,270.358612
32792_42487,ASCUS,0.060650,ASCUS,0.9999933,290.585938,333.375305,493.136230,579.220215
52248_28503,ASCUS,0.565223,ASCUS,0.98682564,54.662781,10.655800,259.934753,159.189728
24280_33367,ASCUS,0.013593,ASCUS,0.99728394,417.144012,47.338028,608.000000,292.134705
24280_33367,ASCUS,0.011522,LSIL,0.62772495,4.842979,204.503067,174.366943,450.776733
31576_10871,ASCUS,0.954873,ASCUS,0.98419744,333.630737,357.787201,573.318909,481.453583
31576_10871,ASCUS,0.134792,ASCUS,0.600515,338.081085,154.786102,488.125702,256.580719
38872_28503,ASCUS,0.009706,ASCUS,0.99872655,206.835251,235.899368,517.735657,424.660645
39480_19991,ASCUS,0.954777,ASCUS,0.9999112,388.293640,105.007095,548.904297,195.531509
32184_40663,ASCUS,0.038887,LSIL,0.999801,330.302917,380.708893,496.728455,523.833618
29752_7223,ASCUS,0.039658,ASCUS,0.79338825,501.416412,519.648560,576.800781,596.351929
29752_7223,ASCUS,0.639978,ASCUS,0.9992692,82.565170,408.210754,197.762009,542.537842
29752_7223,ASCUS,0.479501,ASCUS,0.99968505,401.859009,408.495941,600.407043,530.398926
41912_36407,ASCUS,0.736900,ASCUS,0.9970601,14.658295,352.381958,261.677307,608.000000
7864_34583,ASCUS,0.976314,ASCUS,0.9977112,426.972046,250.482758,577.188354,382.387054
7864_34583,ASCUS,0.948085,ASCUS,0.9784112,409.138611,345.765167,544.714783,450.701080
7864_34583,ASCUS,0.088291,ASCUS,0.9998808,95.754692,312.934814,281.814545,448.496704
31576_13911,ASCUS,0.914183,ASCUS,0.99994016,382.239502,304.262207,591.868042,439.702759
22456_13911,ASCUS,0.064811,ASCUS,0.90093213,101.662819,405.470520,211.889252,532.205872
11512_31543,ASCUS,0.215033,ASCUS,0.99999595,16.572784,131.069382,233.702454,263.015198
23064_49175,ASCUS,0.403482,ASCUS,0.9954703,199.513519,239.137421,425.956390,455.251312
19416_23031,ASCUS,0.990917,ASCUS,0.99999,128.827805,114.959213,313.167053,264.582581
21240_37623,ASCUS,0.294198,ASCUS,0.9681055,124.547409,318.736023,235.607529,474.918884
31576_51607,ASCUS,0.027063,ASCUS,0.9857428,230.290588,428.020416,493.945618,544.299988
31576_51607,ASCUS,0.937434,ASCUS,0.9645668,10.106544,41.678513,92.842072,127.294754
31576_51607,ASCUS,0.901982,ASCUS,0.89009756,45.615131,102.074669,154.406860,193.598541
24888_54039,ASCUS,0.012821,SCC,0.99687105,224.604691,2.826172,378.372498,169.238754
24888_22423,ASCUS,0.913912,ASCUS,0.9990602,454.187408,443.699158,582.167114,556.148987
24888_22423,ASCUS,0.500740,ASCUS,0.9994824,460.552216,385.647186,605.110596,470.390167
29144_27287,ASCUS,0.994812,ASCUS,0.9999392,357.989563,10.084938,555.593689,208.320465
7864_27287,ASCUS,0.156584,ASCUS,0.99988806,298.051880,208.108124,399.222412,451.852570
7864_27287,ASCUS,0.910973,ASCUS,0.8982621,350.158325,267.790405,597.190247,548.300537
14552_27287,ASCUS,0.359399,ASCUS,0.93063384,451.073944,58.482529,530.191895,369.827820
14552_27287,ASCUS,0.914663,ASCUS,0.99967015,11.642838,14.847717,189.317825,253.305664
14552_27287,ASCUS,0.999414,ASCUS,0.9901564,124.403778,425.354553,207.041687,527.976990
14552_27287,ASCUS,0.999052,ASCUS,0.99998176,1.791641,367.340210,135.484909,508.732605
19416_21815,ASCUS,0.536720,ASCUS,0.9995598,103.374763,85.390022,258.007477,164.815674
19416_21815,ASCUS,0.199922,ASCUS,0.99734086,267.783081,541.349487,351.809265,606.968018
50424_17559,ASCUS,0.633650,ASCUS,0.9999026,108.146332,314.752289,354.086884,573.067749
45560_29719,ASCUS,0.730272,ASCUS,0.99736375,464.718079,353.531525,608.000000,519.821716
45560_29719,ASCUS,0.393802,ASCUS,0.99941325,207.414185,303.004852,394.985352,460.126678
27320_18775,ASCUS,0.073827,ASCUS,0.8724336,55.818336,431.910309,242.606812,537.790100
27320_54039,ASCUS,0.073412,ASCUS,0.9591238,486.199768,448.863983,597.581604,567.116516
23672_21207,ASCUS,0.848065,ASCUS,0.99226284,28.889854,385.232422,220.920319,585.673096
23672_21207,ASCUS,0.011117,ASCUS,0.99628747,154.005371,257.946777,342.894958,494.235901
52856_34583,ASCUS,0.087549,ASCUS,0.9999738,254.955338,43.832409,330.572052,111.361862
29144_46135,ASCUS,0.990828,ASCUS,0.9999138,12.106804,33.176605,123.495201,167.807175
11512_27287,ASCUS,0.982708,ASCUS,0.9245689,453.616394,315.685181,608.000000,510.970215
11512_27287,ASCUS,0.994348,ASCUS,0.7141349,24.105042,105.396477,178.192535,288.276306
46168_38839,ASCUS,0.574389,ASCUS,0.9999727,62.917259,25.545494,169.637573,175.530304
35832_38231,ASCUS,0.922791,ASCUS,0.9768521,420.506287,332.155701,594.442017,551.864075
35832_38231,ASCUS,0.997158,ASCUS,0.99985456,368.536377,6.045464,536.385315,192.344482
35224_41271,ASCUS,0.007587,ASCUS,0.80194217,289.155334,312.268921,463.869751,536.270630
35832_34583,ASCUS,0.162485,ASCUS,0.99989474,303.818512,493.960663,444.016937,606.496521
30968_13911,ASCUS,0.910288,ASCUS,0.93971056,441.296448,301.432556,605.116394,584.684631
30968_13911,ASCUS,0.160820,ASCUS,0.999998,75.113724,497.333862,188.872391,601.674561
35224_27287,ASCUS,0.257496,ASCUS,0.9905624,495.037964,368.097290,602.471313,507.578003
12728_44311,ASCUS,0.974059,ASCUS,0.8967437,373.675537,56.477783,470.639404,209.281982
12728_44311,ASCUS,0.955050,ASCUS,0.99998665,259.954559,7.506123,372.472198,112.213272
12728_44311,ASCUS,0.351579,ASCUS,0.9992668,374.323700,26.120407,438.713043,92.605942
14552_31543,ASCUS,0.957439,ASCUS,0.90584046,20.964905,1.000000,195.069443,255.077820
14552_31543,ASCUS,0.121475,ASCUS,0.9551141,458.295166,9.050819,576.446045,131.188934
19416_15127,ASCUS,0.532696,ASCUS,0.99381834,335.934113,21.392647,426.458160,227.808563
19416_15127,ASCUS,0.051344,ASCUS,0.9983972,486.738068,428.314117,608.000000,540.441772
52248_29719,ASCUS,0.013890,ASCUS,0.99158394,232.325897,24.817085,277.517242,110.868187
39480_46135,ASCUS,0.950867,ASCUS,0.9999752,263.688568,378.420105,582.350464,601.987183
24888_33975,ASCUS,0.434224,ASCUS,1.0,1.000000,56.513779,294.868469,251.310562
10904_38231,ASCUS,0.891405,ASCUS,0.9999428,81.749649,19.623421,288.495972,249.811829
10904_38231,ASCUS,0.430066,ASCUS,0.5978426,310.087524,289.118561,404.376892,394.601776
16376_30935,ASCUS,0.186334,ASCUS,0.99997675,18.316273,294.074371,137.645096,405.104401
33400_40055,ASCUS,0.491888,ASCUS,0.9860036,522.785339,303.842346,607.961853,473.891785
18808_10263,ASCUS,0.058511,ASCUS,0.999554,246.271774,55.346333,323.978851,131.248917
48600_29111,ASCUS,0.965004,ASCUS,0.99975055,114.409531,282.761505,264.887146,430.119293
12120_46743,ASCUS,0.366853,ASCUS,0.9999013,127.828720,97.805641,218.735458,197.293243
12120_46743,ASCUS,0.342054,ASCUS,0.9785671,8.116562,429.890808,116.228836,573.382996
26104_37623,ASCUS,0.496233,ASCUS,0.99998295,1.000000,205.904785,235.236603,423.542725
27928_51607,ASCUS,0.702760,ASCUS,0.9984333,331.609528,174.171463,431.210052,286.931763
40088_27895,ASCUS,0.382606,ASCUS,0.99930406,485.118530,498.599091,561.582764,582.370239
43736_16951,ASCUS,0.182200,ASCUS,0.97136486,264.060638,387.089111,385.924957,550.855713
45560_13911,ASCUS,0.912228,ASCUS,0.9999852,269.896667,378.962494,429.891357,543.947754
39480_41271,ASCUS,0.009314,ASCUS,0.955127,213.257019,220.633209,358.003174,398.686310
35832_49175,ASCUS,0.963285,ASCUS,0.9999263,8.582512,279.250824,257.204803,386.218414
34008_23031,ASCUS,0.648292,ASCUS,0.9987178,254.534637,213.701111,412.412140,354.771301
26104_43095,ASCUS,0.973001,ASCUS,0.8001354,124.572350,74.188637,375.874329,298.533966
40088_12087,ASCUS,0.021984,ASCUS,0.99594927,265.555023,36.205597,461.264923,234.952881
43736_20599,ASCUS,0.371415,ASCUS,0.97267514,5.131943,244.183624,175.094009,506.966644
26104_44919,ASCUS,0.832880,ASCUS,0.9996319,204.522278,167.243210,399.532043,309.500061
34616_49175,ASCUS,0.834383,ASCUS,0.9836193,6.594070,95.182114,275.292969,186.963852
35832_9655,ASCUS,0.786520,ASCUS,0.9950287,163.715683,20.637024,429.057495,186.846741
35832_9655,ASCUS,0.493927,ASCUS,0.99997985,111.314384,440.155670,265.489441,608.000000
38872_24855,ASCUS,0.027043,ASCUS,0.9790942,337.499115,15.222618,608.000000,197.626709
38872_24855,ASCUS,0.697357,LSIL,0.9965641,166.009003,362.933868,360.765656,608.000000
24888_6615,ASCUS,0.084364,ASCUS,0.9991868,121.434189,148.780457,239.190475,248.160004
24888_6615,ASCUS,0.997047,ASCUS,0.99773574,300.172638,124.364227,608.000000,442.663239
33400_6615,ASCUS,0.510004,ASCUS,0.9999981,255.732880,448.077850,380.571869,570.104187
35832_50391,ASCUS,0.070323,ASCUS,0.99985206,128.251877,201.724213,399.088745,454.082428
18200_44311,ASCUS,0.311874,ASCUS,0.9999021,1.000000,429.360779,265.547516,507.329163
18200_44311,ASCUS,0.997055,ASCUS,0.9931051,345.645081,163.431717,509.608704,311.523682
7864_35191,ASCUS,0.984823,ASCUS,0.99816257,88.520348,196.452484,287.949036,373.193390
41912_44311,ASCUS,0.452657,ASCUS,0.98942345,382.093262,27.012360,591.850769,238.282104
48600_24247,ASCUS,0.942377,ASCUS,0.99975723,447.421021,63.113235,586.441284,236.108261
7864_43095,ASCUS,0.016104,ASCUS,0.9822066,497.349426,42.762909,601.947327,189.104919
30360_41271,ASCUS,0.043040,ASCUS,0.999949,48.156357,394.659973,153.642868,479.726013
23672_54039,ASCUS,0.005218,ASCUS,0.92531747,365.243835,322.764954,474.754761,485.741943
23672_54039,ASCUS,0.005920,ASCUS,0.99988246,329.538452,5.776672,582.727417,181.051636
39480_21207,ASCUS,0.775862,ASCUS,0.999985,27.802753,289.390961,92.406876,471.369659
39480_21207,ASCUS,0.108988,ASCUS,0.9959025,70.975204,310.098328,546.094116,608.000000
39480_21207,ASCUS,0.980949,ASCUS,0.9853452,468.984009,78.981049,604.454590,353.466217
26712_19991,ASCUS,0.099091,ASCUS,0.99453014,444.031311,469.863770,590.607971,581.972900
35224_14519,ASCUS,0.585363,ASCUS,0.76773554,65.729996,349.013977,264.979187,511.285339
35224_14519,ASCUS,0.623846,ASCUS,0.9380222,205.120041,7.212463,378.815063,145.515030
22456_24855,ASCUS,0.050259,ASCUS,0.974498,1.000000,338.641266,76.475891,423.922333
22456_24855,ASCUS,0.112440,ASCUS,0.9929484,14.553368,448.281128,155.629944,535.130676
47992_38839,ASCUS,0.181462,ASCUS,0.98348886,220.529175,150.391647,316.387817,209.663986
7864_32759,ASCUS,0.482734,ASCUS,0.689307,394.602203,503.778778,493.199982,596.980469
7864_32759,ASCUS,0.009609,ASCUS,0.997276,283.055817,90.599907,443.671967,340.261688
7864_32759,LSIL,0.093152,LSIL,0.5364462,1.478088,276.652679,135.205460,436.418304
6040_35799,ASCUS,0.348570,ASCUS,0.99897707,143.118362,334.143646,363.515991,445.901825
24888_31543,ASCUS,0.630248,ASCUS,0.91337734,421.792236,76.705719,514.940491,204.625397
24888_31543,ASCUS,0.999657,ASCUS,0.99198407,347.674164,242.135834,460.880219,396.868683
24888_31543,ASCUS,0.989296,ASCUS,0.9950937,311.388855,88.682838,449.805298,223.179749
24888_31543,ASCUS,0.114098,ASCUS,0.9762547,125.106293,58.944500,379.836151,143.629364
24280_39447,ASCUS,0.164067,ASCUS,0.8557528,1.000000,69.593933,180.480804,331.823334
24280_39447,ASCUS,0.109059,ASCUS,0.995876,163.611389,466.322815,244.763885,597.552795
9080_18167,ASCUS,0.064308,ASCUS,0.98739064,271.429443,8.702774,606.146973,195.520721
9080_18167,ASCUS,0.997269,ASCUS,0.99999547,235.736649,204.446747,418.569275,457.010651
30360_31543,ASCUS,0.344753,ASCUS,0.98954415,321.766449,1.000000,465.693817,218.318375
44952_28503,ASCUS,0.903773,ASCUS,0.9624292,117.498901,359.958405,307.884979,499.543671
43736_27895,ASCUS,0.986292,ASCUS,0.99998856,485.940033,202.044342,608.000000,385.400116
9080_25463,ASCUS,0.053139,ASCUS,0.99901557,382.810516,225.193512,524.803284,376.508331
9080_25463,ASCUS,0.962901,ASCUS,0.99992025,267.553497,30.882507,521.633911,241.658478
9080_25463,ASCUS,0.063781,ASCUS,0.95152336,149.133911,276.787323,340.305664,390.811371
53464_28503,ASCUS,0.987686,ASCUS,0.95797527,407.426483,192.749878,592.826416,358.749939
27320_10263,ASCUS,0.264472,ASCUS,0.95216674,371.564453,82.580162,470.171875,263.294586
27320_10263,ASCUS,0.142192,ASCUS,0.99049675,60.121552,511.726959,334.533478,603.191284
32792_36407,ASCUS,0.173577,ASCUS,0.9981468,565.388184,141.993713,608.000000,301.427917
22456_7831,ASCUS,0.986227,ASCUS,0.9597906,8.357071,46.877579,225.372772,198.883102
22456_7831,ASCUS,0.519295,ASCUS,0.9993218,514.098755,423.676941,602.520752,579.992065
32184_38231,ASCUS,0.008207,ASCUS,0.91871697,351.297424,426.488831,460.670593,590.083191
5432_21815,ASCUS,0.757054,ASCUS,0.7386588,342.436829,383.041992,534.080261,537.491577
45560_24855,ASCUS,0.895948,ASCUS,0.99422556,191.165588,128.277466,283.367920,187.075806
45560_24855,ASCUS,0.041270,ASCUS,0.9915794,237.021591,77.700478,283.390289,125.501366
45560_24855,ASCUS,0.971974,ASCUS,0.99909806,230.957520,171.200928,305.467102,237.810913
45560_24855,ASCUS,0.945967,ASCUS,0.9999696,296.763245,68.525055,384.756104,213.667572
45560_24855,ASCUS,0.571320,ASCUS,0.95642537,264.130493,187.539764,357.449646,318.942017
45560_24855,ASCUS,0.143591,ASCUS,0.97400904,175.839630,49.930042,247.240662,101.687134
19416_33975,ASCUS,0.113619,ASCUS,0.98948306,537.803345,2.991707,608.000000,200.589386
44952_47959,ASCUS,0.115464,ASCUS,0.7734536,71.283852,131.296661,288.729645,364.132446
44952_47959,ASCUS,0.215680,ASCUS,0.9988237,497.877197,249.610474,599.855469,398.412476
36440_42487,ASCUS,0.008897,ASCUS,0.9998847,394.931030,197.943863,543.516052,372.650146
36440_13303,ASCUS,0.921878,ASCUS,0.9154428,217.496124,40.358765,446.908661,176.013367
6648_32759,ASCUS,0.105437,ASCUS,0.8901707,174.805878,270.598267,345.858551,425.565125
6648_32759,ASCUS,0.293532,ASCUS,0.8214147,507.596130,8.986267,605.677795,131.855164
18200_10263,ASCUS,0.901595,ASCUS,0.9989182,41.085808,6.057716,241.641479,133.337128
26104_27287,ASCUS,0.005179,ASCUS,0.9797189,491.670715,417.018402,591.985168,473.998260
26104_27287,ASCUS,0.834912,ASCUS,0.9967609,415.711639,272.667114,523.831909,440.144714
18808_24247,ASCUS,0.994890,ASCUS,0.8665893,173.505569,37.880753,483.114929,363.408386
25496_30327,ASCUS,0.767247,ASCUS,0.99883467,441.928619,82.827148,544.003174,248.294281
18200_24247,ASCUS,0.972577,ASCUS,0.96875036,372.717987,153.206375,516.427124,319.522156
18200_24247,ASCUS,0.137155,ASCUS,0.99901545,74.986183,356.942932,137.917297,467.122986
18200_24247,ASCUS,0.071146,ASCUS,0.9997545,2.849518,259.753357,90.648361,392.059387
9080_37015,ASCUS,0.013953,ASCUS,0.7520955,443.455688,415.691162,573.959351,586.055786
38872_11479,ASCUS,0.613676,ASCUS,0.99988484,459.065369,498.104950,605.005310,598.981689
38872_11479,ASCUS,0.990750,ASCUS,0.9990043,77.395241,311.333466,176.542206,400.460785
38872_11479,ASCUS,0.970014,ASCUS,0.99993443,278.888977,2.196884,448.521484,69.137573
44344_29111,ASCUS,0.954896,ASCUS,0.96684974,260.114258,413.045868,438.452026,589.109741
41912_33975,ASCUS,0.096287,ASCUS,0.955926,87.656837,23.526772,227.996307,226.270447
38264_29111,ASCUS,0.051804,ASCUS,0.9945844,1.000000,119.193497,75.012390,291.263123
23064_33975,ASCUS,0.353527,ASCUS,0.63965666,206.694122,292.972046,451.046234,493.944275
23064_33975,ASCUS,0.843112,ASCUS,0.5916833,406.617218,421.451813,499.627838,550.593933
23064_33975,ASCUS,0.229396,ASCUS,0.9986481,279.317200,74.790245,404.150391,208.072632
11512_23639,ASCUS,0.087508,ASCUS,0.99874806,443.997650,234.261627,605.443237,383.404205
12728_43703,ASCUS,0.986705,ASCUS,0.99995637,447.081360,263.724854,605.280334,400.237183
12728_43703,ASCUS,0.091152,ASCUS,0.9998603,1.000000,140.374512,109.742538,285.904236
24280_24855,ASCUS,0.160103,ASCUS,0.5259578,50.837646,135.905487,317.963379,328.291077
52248_23031,ASCUS,0.756148,ASCUS,0.9971916,26.015034,91.158188,142.936920,204.287308
43736_12087,ASCUS,0.233127,ASCUS,0.99927276,312.791199,317.580170,450.596375,394.152435
45560_38231,ASCUS,0.291324,ASCUS,0.9976615,7.235275,64.754852,162.675171,218.142426
52248_39447,ASCUS,0.057485,ASCUS,0.922653,140.868271,330.529907,352.841736,553.263550
9688_33367,ASCUS,0.150752,ASCUS,0.6823191,144.231598,507.720154,345.607635,605.350281
44344_36407,ASCUS,0.596451,ASCUS,0.99999774,103.328423,509.840729,210.579651,603.251343
44344_36407,ASCUS,0.208578,ASCUS,0.9557811,414.920380,127.956657,537.816895,329.014679
28536_27287,ASCUS,0.992870,ASCUS,0.99880636,402.647705,460.664154,582.632751,604.089966
28536_27287,ASCUS,0.574627,ASCUS,0.9935509,145.942734,91.074631,279.162598,221.598709
22456_11479,ASCUS,0.946384,ASCUS,0.99515814,371.492096,92.792412,485.977020,254.369934
30360_44311,ASCUS,0.119456,ASCUS,0.88249135,150.549622,209.368729,354.131470,343.864929
30360_44311,ASCUS,0.629923,ASCUS,0.99997175,431.235870,423.690857,585.325989,593.611572
25496_26679,ASCUS,0.231486,ASCUS,0.79641,565.462036,104.093719,608.000000,370.401978
23672_42487,ASCUS,0.342964,ASCUS,0.97697085,12.540154,34.168694,222.140198,184.630371
17592_32759,ASCUS,0.912829,ASCUS,0.9847787,23.482788,237.763824,325.231506,572.720825
16376_7831,ASCUS,0.793342,ASCUS,0.99801815,133.420166,367.043060,293.801880,524.633362
18200_49783,ASCUS,0.828377,ASCUS,0.99653196,8.780136,110.961731,224.809265,217.911163
34008_7223,ASCUS,0.996297,ASCUS,0.9834937,10.838989,64.399490,256.663757,268.685608
23064_36407,ASCUS,0.903024,ASCUS,0.6509115,336.758789,230.116791,504.864624,435.787567
23064_36407,ASCUS,0.961814,ASCUS,0.99979204,124.672714,46.242451,250.969681,158.525726
23064_36407,ASCUS,0.274874,ASCUS,0.99995446,253.204666,444.026428,414.397766,541.095398
23064_36407,LSIL,0.229913,LSIL,0.97161794,338.200775,228.694092,509.418121,448.599487
12728_36407,ASCUS,0.924481,ASCUS,0.9997421,142.859985,419.998535,313.795227,595.379517
37656_28503,ASCUS,0.713127,ASCUS,0.9226038,480.746277,250.577774,601.585266,352.085052
37656_28503,ASCUS,0.012171,ASCUS,0.9999672,525.520264,308.572449,604.713623,372.568970
37656_28503,ASCUS,0.899484,ASCUS,0.99973935,436.878021,185.916733,548.801392,288.913574
37656_28503,ASCUS,0.464567,ASCUS,0.9996973,407.057190,283.060028,513.904297,382.603241
39480_40055,ASCUS,0.098195,ASCUS,0.6771372,174.852966,111.629410,443.888672,313.722351
20024_35191,ASCUS,0.997085,ASCUS,0.9967976,135.458267,247.010895,240.248917,388.240021
15160_13911,ASCUS,0.592904,ASCUS,0.9989498,196.983704,485.627716,327.967957,608.000000
15160_13911,ASCUS,0.159597,ASCUS,0.99993014,244.215881,128.695465,404.829529,298.003876
21240_24247,ASCUS,0.769727,ASCUS,0.7554257,417.209717,346.905762,596.519043,603.829285
21240_24247,ASCUS,0.011621,LSIL,0.68280166,3.229046,136.520020,104.493378,290.193268
20632_47959,ASCUS,0.811641,ASCUS,0.99204916,328.490479,19.242752,608.000000,256.110657
20632_47959,ASCUS,0.971784,ASCUS,0.999964,11.078484,499.385742,127.998665,580.401611
20632_47959,ASCUS,0.646020,ASCUS,0.9976445,64.559052,46.213264,249.750031,202.671082
32792_10263,ASCUS,0.068527,ASCUS,0.99995375,39.403793,1.000000,298.656433,185.918579
24888_20599,ASCUS,0.092516,ASCUS,0.98087317,54.241962,1.465183,181.088943,103.318573
32184_17559,ASCUS,0.224583,ASCUS,0.9999274,162.579987,273.503448,233.601898,357.964935
52248_30935,ASCUS,0.012754,ASCUS,0.99932134,515.858032,40.396851,608.000000,95.026443
33400_46743,ASCUS,0.950697,ASCUS,0.8051687,60.603065,276.194580,275.785736,538.067261
33400_46743,ASCUS,0.987626,ASCUS,0.9991967,478.806915,434.026794,582.778931,564.541992
30968_7223,ASCUS,0.038870,ASCUS,0.9983315,246.422028,232.952118,292.453156,338.804535
48600_21207,ASCUS,0.573838,ASCUS,0.8724319,374.958221,34.817520,577.530273,243.709122
48600_21207,ASCUS,0.201567,ASCUS,0.99999714,339.750946,263.307678,606.273315,397.457031
40088_11479,ASCUS,0.574368,ASCUS,0.95998454,82.615410,453.821533,279.468140,608.000000
23672_6615,ASCUS,0.730310,ASCUS,0.94817936,426.757050,27.781769,588.579041,156.723724
8472_30935,ASCUS,0.990352,ASCUS,0.9225958,249.694916,237.539139,501.828033,511.270447
8472_30935,ASCUS,0.982231,ASCUS,0.99996257,8.450390,406.039368,110.195633,531.126282
3000_32759,ASCUS,0.444955,ASCUS,0.65376765,402.560852,181.205688,599.985291,324.130219
39480_26071,ASCUS,0.109459,ASCUS,0.9841039,476.568787,298.671265,588.770691,401.296570
39480_26071,ASCUS,0.489212,ASCUS,0.993846,146.234161,171.609985,326.089478,301.343903
44344_23639,ASCUS,0.121845,ASCUS,0.9980475,104.877457,43.554081,226.707687,157.129059
7256_35799,ASCUS,0.161119,ASCUS,0.9594976,326.339935,1.000000,499.374847,124.672333
7256_35799,ASCUS,0.614419,ASCUS,0.9857772,42.817436,435.635681,224.586792,596.121887
8472_17559,ASCUS,0.114194,ASCUS,0.9914483,57.334915,322.352997,129.323196,390.346588
8472_17559,LSIL,0.251903,LSIL,0.86516726,57.334915,322.352997,129.323196,390.346588
47384_18775,ASCUS,0.196674,ASCUS,0.9932399,245.334579,229.154755,436.010742,354.896027
37048_34583,ASCUS,0.995175,ASCUS,0.99982125,240.171326,55.835930,330.296143,194.839203
47384_16343,ASCUS,0.995390,ASCUS,0.99993324,331.455353,376.410339,463.788177,466.411987
49208_37623,ASCUS,0.752647,ASCUS,0.8616867,120.777084,408.209656,320.289917,545.485168
49208_37623,ASCUS,0.861647,ASCUS,0.9985802,298.740906,43.430550,524.515686,262.110962
49208_37623,ASCUS,0.231565,ASCUS,0.86461854,25.158791,493.278259,224.842377,603.545349
49208_37623,ASCUS,0.710937,ASCUS,0.99979514,77.381088,63.309464,190.948044,202.785324
29144_19383,ASCUS,0.028872,ASCUS,0.9955858,20.663605,108.144691,86.986420,170.796997
4216_25463,ASCUS,0.843550,ASCUS,0.99942374,262.368469,417.498169,357.434570,553.783630
4216_25463,ASCUS,0.091786,ASCUS,0.93934983,269.743225,488.007111,347.001404,562.505859
4216_25463,ASCUS,0.140558,ASCUS,0.9999771,297.949707,427.242676,351.332520,493.540344
37656_44311,LSIL,0.114717,LSIL,0.9511883,515.661987,226.189026,608.000000,358.883850
24888_16951,ASCUS,0.998604,ASCUS,0.6951965,118.574280,99.800552,225.702087,264.124756
24888_16951,ASCUS,0.020414,LSIL,0.9999745,441.664948,12.207626,593.505493,156.608109
30360_42487,ASCUS,0.082185,ASCUS,1.0,152.726440,234.490143,371.456909,386.694733
30360_42487,ASCUS,0.772958,ASCUS,0.99966145,150.939240,108.491608,289.470917,239.231934
30360_42487,ASCUS,0.814516,ASCUS,0.90029883,6.445503,401.790100,114.696838,566.322693
24280_26071,ASCUS,0.713766,ASCUS,0.86681706,244.532837,354.826202,419.743958,518.182739
37656_9655,ASCUS,0.149304,ASCUS,0.99853337,259.053680,317.382080,390.889008,444.853210
37656_9655,ASCUS,0.210802,ASCUS,0.9996331,378.194092,302.916809,495.151001,444.148987
30360_15127,ASCUS,0.051228,ASCUS,0.7755037,353.024323,551.380798,425.608124,608.000000
18200_26071,ASCUS,0.089429,ASCUS,0.9999398,421.722992,293.630524,547.613159,421.960846
3608_29719,ASCUS,0.662165,ASCUS,0.997735,442.562103,434.712463,604.942261,584.316467
3608_29719,ASCUS,0.725477,ASCUS,0.77648544,108.318535,291.461700,236.361755,405.350311
3608_29719,ASCUS,0.543263,ASCUS,0.97246325,183.926254,215.899475,323.738525,338.788757
17592_32151,ASCUS,0.997303,ASCUS,0.6277674,72.416039,46.080517,227.746399,138.786972
17592_32151,ASCUS,0.903141,ASCUS,0.90200037,6.465153,7.157757,115.658295,99.341492
17592_32151,ASCUS,0.670233,ASCUS,0.9980578,60.394135,152.209320,159.408600,292.613220
17592_32151,ASCUS,0.087597,ASCUS,0.9893607,1.000000,175.335724,72.191742,250.126190
35832_11479,ASCUS,0.106991,ASCUS,0.93529737,383.827301,143.538712,471.994843,251.827591
35832_11479,ASCUS,0.502125,ASCUS,0.9409346,209.655075,379.693848,417.888977,600.813354
35224_18167,ASCUS,0.774306,ASCUS,0.99999726,72.404335,282.930359,305.256073,381.553040
21240_45527,ASCUS,0.709014,ASCUS,0.99981457,309.361206,159.597168,485.829407,299.041931
21240_45527,ASCUS,0.359484,ASCUS,0.9251019,122.213722,484.678619,239.704834,600.431824
35832_14519,ASCUS,0.018555,ASCUS,0.99809116,341.053253,120.767807,573.263794,405.382263
31576_9655,ASCUS,0.915546,ASCUS,0.6198381,403.093994,17.459000,602.894897,290.224548
45560_10871,ASCUS,0.691260,ASCUS,0.9872322,281.563019,60.986458,399.314789,189.625702
43128_33367,ASCUS,0.273485,ASCUS,0.96707356,1.954369,339.662292,41.640774,486.598694
43128_33367,ASCUS,0.151979,ASCUS,0.8849586,1.165339,451.362793,54.402390,550.968872
43128_33367,ASCUS,0.999540,ASCUS,0.9999982,482.176697,194.946655,580.516418,375.524048
43128_33367,ASCUS,0.988706,ASCUS,0.99155605,33.154995,415.620178,137.432190,568.756958
16984_45527,ASCUS,0.529911,ASCUS,0.9892775,521.309448,90.705200,608.000000,339.767639
43128_16951,ASCUS,0.103982,ASCUS,0.8645845,56.642639,33.381866,256.575470,168.115753
50424_33975,ASCUS,0.997874,ASCUS,0.9994147,399.537292,366.222656,586.598694,476.570312
37048_29719,ASCUS,0.310337,ASCUS,0.9997838,476.083649,356.334808,607.574585,484.595306
37048_29719,ASCUS,0.885550,ASCUS,0.8098176,226.038834,519.038269,327.385406,608.000000
37048_29719,ASCUS,0.513117,ASCUS,0.9535349,126.119835,151.181808,315.379120,304.712646
46776_17559,ASCUS,0.853634,ASCUS,0.75184727,353.293915,97.468575,457.946198,330.611969
29144_5399,ASCUS,0.080012,ASCUS,0.9973923,1.000000,26.683395,85.027023,250.033249
25496_24247,ASCUS,0.971335,ASCUS,0.99968076,365.418518,303.153259,508.448792,516.834473
25496_24247,ASCUS,0.058312,ASCUS,0.99829394,1.000000,324.134644,73.253456,454.774170
25496_24247,ASCUS,0.770300,ASCUS,0.76636815,57.255356,160.936646,241.423477,311.472534
25496_24247,ASCUS,0.238780,ASCUS,0.9981591,30.780815,58.933308,155.806213,176.379074
23672_38231,ASCUS,0.973053,ASCUS,0.87541044,435.917450,246.231781,580.622314,482.953339
34008_13303,ASCUS,0.335196,ASCUS,0.99968374,62.344784,240.512527,186.068848,360.162720
34008_13303,ASCUS,0.080821,ASCUS,0.5859351,347.896484,296.370819,557.848511,434.892548
32184_49783,ASCUS,0.601475,ASCUS,0.9997181,97.415359,1.000000,199.005783,142.173569
30360_35799,ASCUS,0.907696,ASCUS,0.9971597,83.819191,119.773041,230.079193,288.909607
30360_35799,ASCUS,0.928239,ASCUS,0.9999939,234.134613,482.939514,447.326141,608.000000
49816_31543,ASCUS,0.550832,ASCUS,0.9783905,335.089294,374.760559,505.896423,529.939331
31576_23639,ASCUS,0.088234,ASCUS,0.99999917,125.245750,141.342224,236.495026,299.038574
23672_26071,ASCUS,0.270504,ASCUS,0.9369768,141.980743,5.516521,269.877808,117.229660
23672_26071,ASCUS,0.469080,ASCUS,0.53936654,384.818787,127.655487,490.289124,298.335968
39480_29719,ASCUS,0.883911,ASCUS,0.9923537,1.000000,161.491653,126.280067,358.629944
6040_33367,ASCUS,0.240581,ASCUS,0.9843789,7.161140,340.946472,162.943085,486.876709
6040_33367,ASCUS,0.525732,ASCUS,0.97968495,109.568146,177.157715,559.665283,581.920837
15160_27287,ASCUS,0.904370,ASCUS,0.93859214,130.597427,433.208099,294.435303,599.016602
24888_19991,ASCUS,0.994453,ASCUS,0.99998474,468.464783,332.229492,608.000000,480.710815
26712_43095,ASCUS,0.274530,ASCUS,0.97659904,200.304214,27.971382,461.931946,278.503265
40696_44311,ASCUS,0.992616,ASCUS,0.9999057,2.816349,96.432281,85.759277,247.660889
40696_44311,ASCUS,0.188736,ASCUS,0.7361329,98.129616,460.222229,278.636841,589.331482
43736_49783,ASCUS,0.314134,ASCUS,0.901751,1.000000,435.529877,139.633041,562.886658
21240_50391,ASCUS,0.981244,ASCUS,0.99938536,275.287720,219.004959,444.675964,503.829712
13336_47351,ASCUS,0.265506,ASCUS,0.97655666,363.410767,338.559784,464.870850,487.836334
13336_47351,ASCUS,0.173201,ASCUS,0.48274997,295.692413,138.938751,463.711639,393.743439
40696_46743,ASCUS,0.769954,ASCUS,0.65254503,1.000000,285.416321,124.602966,463.349060
26104_23031,ASCUS,0.093820,ASCUS,0.96647626,35.208374,2.776543,134.074402,169.035553
33400_12087,ASCUS,0.999799,ASCUS,0.99954945,121.072609,16.695282,336.296082,319.267487
21240_6007,ASCUS,0.005947,ASCUS,0.9825848,444.087158,77.247421,589.999878,170.846039
45560_16951,ASCUS,0.618060,ASCUS,0.9941024,15.405579,248.791504,140.484451,355.501587
45560_16951,ASCUS,0.394652,ASCUS,0.99416876,5.511280,22.173893,85.841812,101.911392
30968_5399,ASCUS,0.998467,ASCUS,0.97696304,121.104446,460.745117,246.122360,585.043701
30968_5399,ASCUS,0.052035,ASCUS,0.9484614,72.348862,21.621386,161.415848,84.996643
8472_41271,ASCUS,0.897629,ASCUS,0.96070135,308.973511,415.231384,438.082642,538.181152
8472_41271,ASCUS,0.212306,ASCUS,0.8384021,238.946442,323.616821,331.409454,438.374390
12728_19383,ASCUS,0.987901,ASCUS,0.99910337,230.886780,87.468048,494.676086,379.546173
15160_40055,ASCUS,0.922262,ASCUS,0.9999708,298.187378,113.561569,463.451721,263.234070
12728_17559,LSIL,0.364150,LSIL,0.88163435,55.565018,92.851791,491.079529,501.252869
14552_44919,ASCUS,0.193454,ASCUS,0.8757717,92.479652,567.864075,156.995239,608.000000
14552_44919,ASCUS,0.960222,ASCUS,0.97478956,343.464478,51.276886,530.974487,262.957001
30360_13911,ASCUS,0.086647,ASCUS,0.9995921,282.184570,281.372986,397.916748,401.309448
30360_13911,ASCUS,0.984248,ASCUS,0.9999348,248.286163,117.916771,354.518585,212.595673
30360_13911,ASCUS,0.937540,ASCUS,0.99965894,257.022247,1.000000,360.626007,125.930145
30360_13911,ASCUS,0.504055,ASCUS,0.9059065,338.287476,21.903336,443.076416,196.929611
22456_18775,ASCUS,0.085637,ASCUS,0.9999728,511.884369,23.041218,601.921631,129.287567
5432_26071,ASCUS,0.342635,ASCUS,0.9854263,271.513977,4.999519,442.031616,134.224213
5432_26071,ASCUS,0.401385,ASCUS,0.99901617,56.754112,313.704529,163.153320,465.384216
20632_8439,ASCUS,0.770809,ASCUS,0.99957305,21.762344,384.531799,149.408951,505.798767
40088_15127,ASCUS,0.440545,ASCUS,0.9978289,480.371124,139.040634,568.455444,219.918655
23064_30327,ASCUS,0.686338,ASCUS,0.98836654,404.204773,216.453430,595.595825,339.372681
12120_13303,ASCUS,0.284812,ASCUS,0.99754673,413.717133,111.179886,588.792969,237.140396
12120_13303,ASCUS,0.223029,ASCUS,0.9999957,16.334137,349.546082,154.824020,447.115479
12120_13303,ASCUS,0.077771,ASCUS,0.9962341,505.601501,450.039124,593.889709,585.462341
34616_23639,ASCUS,0.991452,ASCUS,0.99976844,47.645325,417.347504,267.406433,567.639038
47992_23031,LSIL,0.272823,LSIL,0.7316056,237.960129,10.808762,572.874329,457.823425
47992_23031,LSIL,0.154004,LSIL,0.6563017,260.564331,99.385002,533.044373,344.582275
53464_35799,ASCUS,0.861853,ASCUS,0.9996737,320.644867,248.402863,506.209564,401.472626
53464_35799,ASCUS,0.762687,ASCUS,0.985168,289.732361,367.042725,473.179810,539.407104
31576_54039,ASCUS,0.007349,LSIL,0.96189684,466.655823,4.184669,598.317932,131.890350
16376_13911,ASCUS,0.235937,ASCUS,0.99642843,88.160698,18.418114,250.989258,254.725372
16376_13911,ASCUS,0.110086,ASCUS,0.89242744,440.255280,198.919983,594.716187,355.474487
16376_13911,ASCUS,0.051706,ASCUS,0.98455507,278.487396,221.664795,482.689484,331.939209
41304_32151,ASCUS,0.954111,ASCUS,0.9969261,199.462631,128.603333,386.473999,279.415100
28536_26679,ASCUS,0.200422,ASCUS,0.99991727,228.271973,363.821838,467.945068,496.817810
35832_47959,ASCUS,0.852631,ASCUS,0.7383493,4.387306,238.530487,200.707764,547.342041
39480_40663,ASCUS,0.209532,ASCUS,0.99344856,400.662628,29.642639,586.389404,203.019730
31576_31543,ASCUS,0.251603,ASCUS,0.99623245,75.363358,149.980759,176.412949,278.114014
31576_31543,ASCUS,0.172375,ASCUS,0.867354,158.523865,433.437012,255.568390,586.023438
31576_31543,ASCUS,0.082257,ASCUS,0.88487774,45.185211,1.891811,140.401642,102.930435
31576_31543,ASCUS,0.051014,ASCUS,0.641534,97.139450,18.825176,219.771011,100.750000
42520_31543,ASCUS,0.852478,ASCUS,0.9486607,124.031097,337.008575,406.031647,572.671570
42520_31543,ASCUS,0.289917,ASCUS,0.99662685,43.397575,496.048920,191.742432,603.512085
42520_31543,ASCUS,0.999706,ASCUS,0.94140095,102.768555,2.162010,370.095825,232.699890
44344_14519,ASCUS,0.074635,ASCUS,0.999479,486.470673,370.095825,597.208984,488.607483
44344_14519,ASCUS,0.996481,ASCUS,0.9999753,425.440552,247.738388,557.870728,384.575439
29144_25463,ASCUS,0.540621,ASCUS,0.9997497,12.576145,2.220238,111.685883,136.014526
29144_25463,ASCUS,0.260453,ASCUS,0.68898,506.723114,296.324829,605.239136,451.452698
26712_13303,ASCUS,0.857351,ASCUS,0.98719275,298.153168,446.144714,496.783783,604.680603
51640_29111,ASCUS,0.768199,ASCUS,0.9880641,254.952347,374.461212,427.215515,513.891296
51640_29111,ASCUS,0.997371,ASCUS,0.99557304,335.326508,233.861481,460.608368,385.245819
46776_38839,ASCUS,0.982546,ASCUS,0.8754921,285.642944,309.078339,429.484009,482.240143
46776_38839,ASCUS,0.679988,ASCUS,0.996416,178.946075,353.851257,309.865265,486.171570
27928_41271,ASCUS,0.005314,ASCUS,0.97964966,203.202988,69.018219,334.992065,182.687119
30968_26679,ASCUS,0.867088,ASCUS,0.9957866,327.113281,410.721008,547.968506,561.167908
16376_37623,ASCUS,0.995039,ASCUS,0.99998677,212.382050,400.095367,327.610931,539.660522
20024_32151,ASCUS,0.387326,ASCUS,0.72397554,361.369904,362.582703,496.574677,528.012573
20024_32151,ASCUS,0.177420,ASCUS,0.9989868,296.681976,216.818237,448.665497,384.319519
20024_32151,ASCUS,0.098616,ASCUS,0.90451276,410.403870,36.242424,560.876892,182.062622
28536_54647,ASCUS,0.890647,ASCUS,0.9374833,156.343048,155.042938,288.558350,269.089081
10904_27287,ASCUS,0.957219,ASCUS,0.996307,108.282761,371.811829,487.606262,599.947510
16984_9047,ASCUS,0.076927,ASCUS,0.9998585,206.422852,484.772064,333.345093,598.453064
16984_9047,ASCUS,0.158751,ASCUS,0.9999567,1.908112,66.375381,74.506660,197.579849
33400_4791,ASCUS,0.874799,ASCUS,0.5922283,378.079590,294.615509,527.314270,381.062775
33400_4791,ASCUS,0.057907,ASCUS,0.96866983,89.527191,550.973145,193.263123,608.000000
28536_23639,ASCUS,0.162441,ASCUS,0.95461667,344.200500,222.056519,448.323242,410.860352
28536_23639,ASCUS,0.102431,ASCUS,0.99969065,157.228134,188.172852,316.567871,335.056702
29144_33367,ASCUS,0.950184,ASCUS,0.9999505,425.919556,12.275208,606.175293,187.733612
41912_30327,ASCUS,0.981233,ASCUS,0.9924076,264.027252,69.008423,461.389374,362.445465
15768_43703,ASCUS,0.924172,ASCUS,0.96738106,167.050842,52.979126,433.976013,477.812683
27928_26679,ASCUS,0.008886,ASCUS,0.9995128,238.260880,370.149353,317.408661,440.529358
45560_12695,ASCUS,0.098919,ASCUS,0.99438196,1.112366,389.294525,182.852371,515.531372
49816_27287,ASCUS,0.963220,ASCUS,0.99223423,44.421425,239.456619,254.011292,376.333557
43128_40663,ASCUS,0.279092,ASCUS,0.99991286,214.499329,516.640686,322.163513,597.217346
43128_40663,ASCUS,0.426516,ASCUS,0.99978524,293.419342,451.176117,389.050323,550.179565
40696_37015,ASCUS,0.844896,ASCUS,0.99763227,174.117218,413.738190,330.810272,556.061646
43736_13303,ASCUS,0.897040,ASCUS,0.99425465,18.805618,31.641373,151.930969,103.656189
13336_42487,ASCUS,0.151518,ASCUS,0.9953355,358.137238,272.357788,555.726318,513.190674
13336_42487,ASCUS,0.502182,ASCUS,0.87807673,291.138916,34.628128,534.962280,300.740112
13336_42487,ASCUS,0.670818,ASCUS,0.9998173,2.761208,350.092468,102.422966,446.858521
53464_25463,ASCUS,0.156701,ASCUS,0.9838029,281.109253,288.847839,449.059814,458.400696
30968_17559,ASCUS,0.694295,ASCUS,0.99983704,179.449020,484.791443,327.279358,569.390442
15768_49783,ASCUS,0.982049,ASCUS,0.9980708,166.527649,194.311783,291.570282,500.054382
23672_29111,ASCUS,0.936933,ASCUS,0.95053154,84.102577,304.156250,245.524139,440.592468
26104_47351,ASCUS,0.855400,ASCUS,0.9955764,222.911499,337.699585,398.329529,578.957764
37656_35191,ASCUS,0.893855,ASCUS,0.9999521,133.211456,138.184113,294.518555,350.673187
32184_9655,ASCUS,0.032384,ASCUS,0.69153816,161.279022,18.510101,296.339783,151.631744
15768_44919,ASCUS,0.502102,ASCUS,0.99998474,294.441284,167.011597,436.185852,405.033752
47384_38839,ASCUS,0.751340,ASCUS,0.9942029,1.000000,433.729553,161.013321,601.737732
32184_45527,ASCUS,0.824785,ASCUS,0.99967015,15.764450,315.597046,152.621902,477.793213
32184_45527,ASCUS,0.366282,ASCUS,0.99996614,103.357239,1.000000,306.860413,95.542747
32184_45527,LSIL,0.376760,LSIL,0.805562,301.711731,119.961365,608.000000,475.381165
20024_22423,ASCUS,0.695709,ASCUS,0.99996483,214.946274,183.039001,337.390411,339.352234
41304_24247,ASCUS,0.147705,ASCUS,0.9996815,340.719116,299.837006,435.915039,364.023407
41304_24247,ASCUS,0.083865,ASCUS,0.97657394,361.513824,1.000000,495.303253,174.707123
41912_15735,ASCUS,0.920358,ASCUS,0.98689646,28.303680,117.437561,438.961029,489.677307
47992_40055,ASCUS,0.763476,ASCUS,0.999696,24.501038,413.270660,538.191650,580.584900
27928_29111,ASCUS,0.917565,ASCUS,0.99917597,115.447029,486.697021,310.571045,582.957397
5432_27287,ASCUS,0.987504,ASCUS,0.99851066,333.288391,123.871124,573.700317,378.256104
30360_30935,ASCUS,0.984520,ASCUS,0.99995375,191.115692,230.242981,280.352692,420.028137
43128_10871,ASCUS,0.778106,ASCUS,0.999169,362.796478,311.042969,581.073853,569.404663
3608_26071,ASCUS,0.951735,ASCUS,0.9984194,344.439270,145.739914,596.881714,360.817688
40696_39447,ASCUS,0.078044,ASCUS,0.97831935,186.126892,220.249466,383.063110,381.394104
30360_38231,ASCUS,0.017916,ASCUS,0.9966813,1.000000,4.518269,108.001633,119.198273
30360_38231,ASCUS,0.974000,ASCUS,0.98682445,404.247559,403.114471,551.085999,489.790253
20024_19383,ASCUS,0.997823,ASCUS,0.8162339,75.470894,189.349945,207.676697,460.941986
4216_26679,ASCUS,0.023908,ASCUS,0.99972314,404.434753,31.912491,608.000000,155.612198
19416_10871,ASCUS,0.012798,LSIL,0.8861633,430.698425,1.000000,539.436401,91.620667
34616_33975,ASCUS,0.052537,ASCUS,0.9759922,1.000000,357.565979,76.844803,516.992493
34616_33975,ASCUS,0.273501,ASCUS,0.9993228,328.745209,102.755783,412.819977,177.429123
42520_30935,ASCUS,0.403292,ASCUS,0.89559966,263.560608,157.907990,559.567017,377.045135
41912_48567,ASCUS,0.655852,ASCUS,0.9995865,109.037682,482.489868,251.028656,598.909302
37048_18167,ASCUS,0.065299,ASCUS,0.844885,156.599640,177.542953,301.813507,344.649780
37048_18167,ASCUS,0.225873,ASCUS,0.99994016,113.321442,72.822128,265.325653,159.730515
29144_52823,ASCUS,0.159817,ASCUS,0.9997737,437.413635,39.571739,575.509888,231.229370
25496_10871,ASCUS,0.655663,ASCUS,0.9999987,177.987686,24.074013,293.652588,160.765320
10904_12695,ASCUS,0.162365,ASCUS,0.44359395,426.601074,251.973358,543.007629,381.482880
35832_32759,ASCUS,0.809205,ASCUS,0.6347961,447.187683,219.555923,586.814636,413.188965
4216_26071,ASCUS,0.456391,ASCUS,0.9674193,359.732056,214.172363,545.146790,339.937622
18200_52215,ASCUS,0.017641,HSIL,0.89004874,469.489136,226.557831,608.000000,375.574738
25496_47959,ASCUS,0.965337,ASCUS,0.99496174,466.048096,131.431656,599.850952,262.540894
25496_47959,ASCUS,0.578388,ASCUS,0.9873607,213.298553,490.027283,388.349213,606.109924
25496_47959,ASCUS,0.929846,ASCUS,0.97879696,94.700790,138.110641,408.542664,328.846191
38872_26071,ASCUS,0.132691,ASCUS,0.9767254,152.183975,175.086273,247.824631,419.415253
12120_23639,ASCUS,0.067782,ASCUS,0.99947256,491.795166,26.051697,605.622559,161.665741
12728_35799,ASCUS,0.026021,ASCUS,0.9581734,467.618011,466.248383,598.688171,599.496338
12728_35799,ASCUS,0.370474,LSIL,0.9999907,129.998886,102.496376,231.501297,231.043671
12728_22423,ASCUS,0.062920,ASCUS,0.9609133,186.730072,23.410477,367.307709,145.245804
26104_50999,ASCUS,0.986189,ASCUS,0.99887663,338.878448,134.014954,567.891235,230.185425
16376_20599,ASCUS,0.167779,ASCUS,0.85798013,3.369873,29.807953,247.559814,241.334930
21240_29719,ASCUS,0.611182,ASCUS,0.9990977,237.309906,388.829742,363.745941,499.387726
20024_37015,ASCUS,0.482591,ASCUS,0.999782,8.119560,75.676697,113.848335,239.921021
20024_37015,ASCUS,0.530189,ASCUS,0.89335626,368.972626,423.651031,460.366058,592.566528
20024_37015,ASCUS,0.145570,ASCUS,0.9911867,284.247528,89.507881,430.250763,239.071564
23672_23031,ASCUS,0.124169,ASCUS,0.5930546,136.753433,397.312469,296.954529,586.107300
44952_13303,ASCUS,0.890582,ASCUS,0.9438647,14.289612,316.204834,171.128494,411.102783
44952_13303,ASCUS,0.179966,ASCUS,0.99950373,16.258125,117.588593,234.622955,229.405151
44952_13303,ASCUS,0.100706,ASCUS,0.5532893,31.540993,414.187897,201.296509,558.186523
41304_20599,ASCUS,0.982471,ASCUS,0.8932522,181.446762,169.211578,273.603302,355.024750
37048_21207,ASCUS,0.772074,ASCUS,0.98654556,429.700958,420.652618,523.603394,516.746704
37048_21207,ASCUS,0.175811,ASCUS,0.95901775,506.965088,520.165039,576.444580,595.527466
37048_21207,ASCUS,0.070540,ASCUS,0.99879265,522.532959,381.631348,605.690796,524.843811
27928_18167,ASCUS,0.684491,ASCUS,0.9570386,2.754929,325.897552,277.908325,560.187927
18200_36407,ASCUS,0.913203,ASCUS,0.9716303,389.079773,260.386078,466.898071,406.025726
18200_36407,ASCUS,0.202717,ASCUS,0.9996445,364.630920,202.853729,463.784546,335.960480
18200_36407,ASCUS,0.067404,ASCUS,0.9984432,63.725998,1.000000,266.227661,91.365875
37656_44919,ASCUS,0.243829,ASCUS,0.99727076,189.891174,79.524162,363.365662,218.569214
6040_26071,ASCUS,0.118176,ASCUS,0.9784008,162.604721,82.062141,271.983612,316.468903
26712_49783,ASCUS,0.143634,ASCUS,0.99771595,1.000000,282.809662,93.348328,400.031403
26712_49783,ASCUS,0.085264,ASCUS,0.99773633,538.356384,528.898743,606.660706,602.793396
5432_38839,ASCUS,0.343796,ASCUS,0.95726717,419.475800,280.499084,599.764709,418.386292
5432_38839,ASCUS,0.755825,ASCUS,0.6500683,353.677460,75.939606,438.828766,238.606445
5432_38839,ASCUS,0.716777,ASCUS,0.76632255,298.583984,54.831818,384.357422,210.623138
20632_37623,ASCUS,0.968066,ASCUS,0.98062,20.974346,472.420898,119.850449,578.954346
20632_37623,ASCUS,0.792106,ASCUS,0.8587698,98.388351,519.526123,200.149307,608.000000
46776_23031,ASCUS,0.768415,ASCUS,0.9999187,136.472885,1.000000,272.470398,79.272644
46776_23031,ASCUS,0.842144,ASCUS,0.9909416,459.066681,135.720001,606.535400,289.153778
32184_37015,ASCUS,0.704256,ASCUS,0.998295,194.422699,16.921394,312.218872,133.552460
32184_37015,ASCUS,0.990406,ASCUS,0.9999957,102.248413,311.102112,461.216675,484.469543
39480_24855,ASCUS,0.008437,LSIL,0.9961202,88.560272,516.898499,146.903076,596.268250
20024_15127,LSIL,0.969204,LSIL,0.9999993,192.108765,208.467178,381.199890,505.790161
27320_7223,ASCUS,0.208250,ASCUS,0.9801891,70.135811,396.808380,274.977814,495.495514
38872_12087,ASCUS,0.024998,ASCUS,0.99929225,2.711300,463.799072,73.308609,538.006348
23672_51607,ASCUS,0.965110,ASCUS,0.993745,456.708801,335.711670,606.580383,504.826843
23672_51607,ASCUS,0.009927,ASCUS,0.999102,93.926659,170.419189,157.300293,243.685181
23672_51607,ASCUS,0.984961,ASCUS,0.9996815,143.318176,94.014870,252.272675,203.345856
23672_51607,ASCUS,0.281912,ASCUS,0.8278914,159.914215,25.383129,238.175476,110.248367
37656_43095,ASCUS,0.112337,ASCUS,0.99574536,339.132751,153.213882,517.141052,351.736938
37656_43095,ASCUS,0.608805,ASCUS,0.97030556,33.767006,395.538513,106.829964,480.493103
13336_20599,ASCUS,0.736673,ASCUS,0.9999615,294.110138,37.580624,422.271942,148.405975
13336_20599,ASCUS,0.507479,ASCUS,0.85327685,292.643829,1.972483,470.330902,58.583374
13336_20599,ASCUS,0.935182,ASCUS,0.99999666,19.526146,349.200958,169.639984,413.547760
49208_30327,ASCUS,0.920363,ASCUS,0.99998105,11.233841,78.249046,123.561096,218.450073
24280_51607,ASCUS,0.945452,ASCUS,0.99593663,262.086060,263.438171,435.761414,402.245056
24280_51607,ASCUS,0.148949,ASCUS,0.9776368,174.207672,181.602356,347.510223,310.114563
18200_33975,ASCUS,0.933370,ASCUS,0.99981064,233.995926,9.132111,402.872375,193.824493
37656_32759,ASCUS,0.992989,ASCUS,0.9970715,77.899742,97.973228,218.446655,310.245575
24888_41271,ASCUS,0.079062,ASCUS,0.5460932,210.907547,388.045380,480.023865,594.908691
24888_41271,LSIL,0.068272,LSIL,0.984746,150.363892,374.814545,311.467041,596.529968
48600_32151,ASCUS,0.715663,ASCUS,0.99932003,152.403046,431.585022,410.958649,608.000000
48600_32151,ASCUS,0.996470,ASCUS,0.99727243,2.052414,105.456024,170.201431,289.773254
46776_43703,ASCUS,0.095671,ASCUS,0.9970228,38.081463,49.751877,149.116425,168.598450
13944_49175,ASCUS,0.199831,ASCUS,0.61881113,306.362366,286.457581,466.286621,475.583862
13944_49175,ASCUS,0.149934,ASCUS,0.9976913,417.099976,323.229156,552.713440,454.741180
13944_49175,LSIL,0.955762,LSIL,0.8081404,284.154480,279.323792,449.909363,469.894226
31576_44919,ASCUS,0.967478,ASCUS,0.9998425,436.920898,316.905182,580.369507,463.758575
48600_19383,ASCUS,0.687809,ASCUS,0.947087,454.445435,205.022476,595.543701,380.175903
14552_35799,ASCUS,0.665204,ASCUS,0.99999607,294.647644,146.894760,448.269714,232.191757
40088_48567,ASCUS,0.777998,ASCUS,0.99739057,467.805481,6.407730,608.000000,265.638611
40088_48567,ASCUS,0.976766,ASCUS,0.99994814,318.427979,509.601776,428.594360,605.809998
35224_28503,ASCUS,0.102313,ASCUS,0.9376315,36.147369,312.793671,262.265137,431.951935
36440_7831,ASCUS,0.017164,ASCUS,0.99962795,365.957092,299.537415,525.116516,463.440491
21240_32151,ASCUS,0.223366,ASCUS,0.9993278,1.000000,75.566315,85.852219,238.401642
13944_20599,ASCUS,0.438661,ASCUS,0.8761678,216.345566,15.891891,350.272644,229.870468
20632_50999,ASCUS,0.950745,ASCUS,0.99998236,389.300720,341.837891,498.602722,469.275452
10296_36407,ASCUS,0.065428,ASCUS,0.9984144,503.816925,20.945137,607.670410,181.145538
10296_36407,SCC,0.469796,SCC,0.49468207,196.136398,95.319366,296.497131,436.408173
32184_7831,ASCUS,0.666808,ASCUS,0.7868033,250.729889,261.097046,384.307098,339.970032
25496_28503,ASCUS,0.006157,ASCUS,0.9940951,291.868713,83.033371,440.451843,198.810440
25496_28503,ASCUS,0.789458,ASCUS,0.999913,417.000549,283.454712,602.050171,429.629639
21848_7223,ASCUS,0.656306,ASCUS,0.99985075,69.034721,27.625511,276.280212,175.231812
21848_7223,LSIL,0.052574,LSIL,0.9077471,495.137756,7.525818,604.269104,178.565033
53464_27895,ASCUS,0.332769,ASCUS,0.99748826,172.928741,186.513397,284.516327,337.396637
14552_38839,ASCUS,0.791026,ASCUS,0.8565653,308.134766,26.504539,435.830444,226.015411
14552_38839,ASCUS,0.147527,ASCUS,0.99081814,469.064301,468.008179,597.319458,598.259277
6648_29719,ASCUS,0.969841,ASCUS,0.9992822,474.764893,214.910919,608.000000,372.186615
24280_19991,ASCUS,0.226583,ASCUS,0.9996996,390.014252,499.388184,549.569702,599.420654
24280_19991,ASCUS,0.972769,ASCUS,0.9999907,94.509987,203.007660,237.607452,321.863556
28536_41879,ASCUS,0.973868,ASCUS,0.9985839,206.634445,365.410553,546.064148,588.493774
28536_41879,ASCUS,0.105287,ASCUS,0.99320775,150.402557,72.669418,323.612030,212.075821
30360_54647,ASCUS,0.508816,ASCUS,0.94505095,50.939995,62.759300,215.556671,203.767792
32184_13911,ASCUS,0.989855,ASCUS,0.9997727,107.116615,389.241791,271.103729,483.251434
34008_25463,ASCUS,0.076166,ASCUS,0.9976592,6.468914,333.079834,133.423706,464.524048
24888_44311,ASCUS,0.960676,ASCUS,0.77516925,110.690033,388.025635,221.006073,470.041199
24888_44311,ASCUS,0.199496,ASCUS,0.91132784,196.017197,434.336884,249.052963,505.816315
23672_16951,ASCUS,0.999498,ASCUS,0.99995005,34.396889,203.213486,229.712585,383.204163
38872_24247,ASCUS,0.344835,ASCUS,0.6231564,357.375366,296.986237,485.998108,383.044037
38872_24247,ASCUS,0.344506,ASCUS,0.87579256,33.130806,60.659977,91.993645,143.897141
38872_24247,ASCUS,0.970829,ASCUS,0.89547765,103.828117,235.316650,306.732300,334.961792
52856_23639,ASCUS,0.040312,ASCUS,0.8032369,407.248688,157.021851,545.045898,365.865906
17592_39447,ASCUS,0.675258,ASCUS,0.9999982,401.217285,150.012299,536.798523,278.993896
21848_31543,ASCUS,0.940372,ASCUS,0.99999297,494.094910,155.998230,603.827942,271.161011
41912_47959,ASCUS,0.806715,ASCUS,0.6335781,486.489380,160.677032,608.000000,463.865936
41912_47959,ASCUS,0.059252,ASCUS,0.5834919,28.975815,1.000000,236.607315,109.867249
41912_47959,ASCUS,0.179759,ASCUS,0.99821365,193.413269,397.352478,376.288086,539.180603
10904_17559,ASCUS,0.032967,ASCUS,0.54244125,5.270094,225.546906,64.711922,297.152252
44952_41879,ASCUS,0.590309,ASCUS,0.97952545,264.740784,363.704315,456.301025,586.134827
23672_44311,ASCUS,0.265699,ASCUS,0.99344605,91.574593,131.156891,284.725830,230.265778
23672_44311,ASCUS,0.101288,ASCUS,0.9971008,452.474304,308.519318,564.953369,438.782806
23672_44311,ASCUS,0.097838,ASCUS,0.98359674,362.287964,322.405365,480.208557,440.865936
23672_44311,ASCUS,0.066078,ASCUS,0.9262693,1.239422,468.585236,39.867413,582.253601
18200_24855,ASCUS,0.067962,ASCUS,0.99998784,130.269577,503.393738,232.434280,608.000000
18200_24855,ASCUS,0.397614,ASCUS,0.9052714,171.765808,152.073349,381.279846,305.005127
26104_9655,ASCUS,0.817762,ASCUS,0.9926238,18.930504,116.260681,123.416817,181.218567
40696_42487,ASCUS,0.099058,ASCUS,0.9688336,60.950256,31.767227,242.905487,243.368942
40696_42487,ASCUS,0.013734,ASCUS,0.88742805,467.396881,5.366394,606.853882,306.997345
41912_21815,ASCUS,0.465512,ASCUS,0.6832548,30.923471,231.149811,91.062233,304.223969
46776_13911,ASCUS,0.304816,ASCUS,0.9719356,1.000000,28.641861,118.181183,189.488815
51032_38231,ASCUS,0.931594,ASCUS,0.9997619,275.463440,361.498932,422.057495,512.384766
51032_38231,ASCUS,0.810674,ASCUS,0.99978656,191.955139,241.936737,371.486328,479.894989
26104_42487,ASCUS,0.599407,ASCUS,0.9983205,146.610794,1.000000,278.297485,111.189423
3608_33367,ASCUS,0.236728,ASCUS,0.9992459,485.725220,398.350525,593.872925,573.008728
3608_33367,ASCUS,0.673454,ASCUS,0.58497614,434.458405,137.587585,600.151062,272.304291
3608_33367,ASCUS,0.948021,ASCUS,0.98688185,43.036224,346.412750,239.041290,512.636963
15768_46135,ASCUS,0.437122,ASCUS,0.5008421,41.582741,292.570007,193.474274,437.693420
46776_15735,ASCUS,0.389427,ASCUS,0.9996575,354.628540,433.526276,517.978577,506.272552
46776_15735,ASCUS,0.981351,ASCUS,0.99999356,179.365829,5.791393,281.157471,95.593994
40088_13911,ASCUS,0.691916,ASCUS,0.9973199,448.358490,209.949036,553.335693,444.755676
24888_39447,ASCUS,0.051295,ASCUS,0.9964893,365.802612,25.320683,477.959473,145.417740
46776_45527,LSIL,0.180750,LSIL,0.51109135,372.517944,122.990768,580.431580,244.829727
46776_45527,LSIL,0.097527,LSIL,0.733281,49.431541,308.521271,233.823883,437.008759
9080_40055,ASCUS,0.005517,ASCUS,0.9951036,1.000000,388.903320,136.429001,564.248108
9080_40055,ASCUS,0.348876,LSIL,0.9746474,108.477150,10.993034,318.193024,158.359894
16984_29719,ASCUS,0.951346,ASCUS,0.99818015,204.426025,154.262207,348.664429,274.223022
16984_29719,ASCUS,0.239655,ASCUS,0.9235194,330.154175,43.141529,494.616028,160.394119
47384_41879,ASCUS,0.112618,ASCUS,0.9909711,221.760208,332.746613,333.145966,463.080841
26104_10263,ASCUS,0.990310,ASCUS,0.99905604,40.069435,8.114960,176.598450,191.957230
7864_19383,ASCUS,0.482821,ASCUS,0.9968483,304.903564,265.408081,472.262817,419.728699
7864_19383,ASCUS,0.995668,ASCUS,0.999198,80.758263,37.050293,266.726776,230.025116
7864_19383,ASCUS,0.285856,ASCUS,0.879393,1.000000,363.770325,219.008804,608.000000
42520_40055,ASCUS,0.005176,ASCUS,0.9998055,555.618713,21.001682,608.000000,117.233795
42520_40055,ASCUS,0.981417,ASCUS,0.9969518,67.016159,286.673279,231.430252,458.029541
37656_48567,ASCUS,0.006882,ASCUS,0.9904358,407.391846,17.092003,601.296082,256.985626
37656_48567,ASCUS,0.440770,LSIL,1.0,230.613251,506.997620,322.690094,607.686218
36440_40055,ASCUS,0.208430,ASCUS,0.8049579,1.000000,47.736115,249.940872,259.552307
6648_23639,ASCUS,0.600073,ASCUS,0.9951155,21.835968,462.007843,149.486420,572.434814
6648_23639,ASCUS,0.094368,ASCUS,0.9913201,18.123806,545.539917,102.495453,600.958252
40088_8439,ASCUS,0.864619,ASCUS,0.9786032,100.270767,434.832153,247.079117,599.987549
51032_33975,ASCUS,0.221157,ASCUS,0.5710063,391.827728,209.556046,608.000000,574.634460
51032_33975,ASCUS,0.079755,ASCUS,0.9998641,121.454605,220.339478,320.092896,365.907776
32184_26679,ASCUS,0.292064,ASCUS,0.98788947,37.168655,396.935547,329.854431,608.000000
32184_26679,ASCUS,0.720457,ASCUS,0.9768648,458.690125,84.173798,592.687805,246.606323
16376_24247,ASCUS,0.695237,ASCUS,0.9849193,84.582352,97.295975,255.669357,404.141357
16376_24247,ASCUS,0.946417,ASCUS,0.99871516,132.055206,399.904297,357.899200,492.008545
7256_35191,ASCUS,0.556361,ASCUS,0.6500288,431.799347,71.067627,606.944824,365.503723
26712_38839,LSIL,0.184271,LSIL,0.9850263,143.039322,7.843140,419.055359,295.447693
34008_12695,ASCUS,0.889977,ASCUS,0.9470021,173.496124,332.447266,283.426941,477.320068
34008_12695,ASCUS,0.347936,ASCUS,0.6670546,203.750427,427.370483,334.493591,608.000000
24280_34583,ASCUS,0.980137,ASCUS,0.78910387,263.631165,43.299988,489.724670,386.191315
24280_34583,ASCUS,0.952949,ASCUS,0.9992305,13.291206,7.531204,192.087402,235.517563
15768_41879,ASCUS,0.745658,ASCUS,0.9999621,334.592773,359.892426,605.938599,608.000000
43736_26679,ASCUS,0.070661,ASCUS,0.9623075,336.661194,137.635498,522.093628,289.792389
43736_26679,ASCUS,0.927062,ASCUS,0.9992471,218.786758,304.566040,368.205383,456.751221
29144_42487,ASCUS,0.085433,ASCUS,0.99246573,377.560028,305.584595,544.429443,473.245911
29144_42487,ASCUS,0.951003,ASCUS,0.99660516,56.901321,138.324219,209.066757,289.331696
31576_19383,ASCUS,0.996976,ASCUS,0.99997926,275.555664,270.666107,455.638794,409.601654
21848_35191,ASCUS,0.038237,ASCUS,0.99999857,202.377014,347.524994,335.117249,512.335938
21848_35191,ASCUS,0.974311,ASCUS,0.9987437,214.175095,10.855194,340.509125,156.095032
21848_35191,ASCUS,0.625063,ASCUS,0.9946912,83.645477,362.606995,214.664368,481.656433
21848_35191,ASCUS,0.320193,ASCUS,0.99789196,129.319138,466.093750,231.930771,584.919678
33400_25463,ASCUS,0.998972,ASCUS,0.9999982,474.325287,140.154663,563.355103,272.484802
43736_18167,ASCUS,0.049140,ASCUS,0.996427,4.773819,349.163269,83.648544,493.771240
15160_50391,ASCUS,0.180240,ASCUS,0.71114004,386.742645,189.547455,594.232910,471.911407
24888_29719,ASCUS,0.984103,ASCUS,0.9999181,215.322708,143.183655,305.553467,345.267334
24888_29719,ASCUS,0.278652,ASCUS,0.9974402,232.205963,493.412781,369.089996,607.273499
32184_53431,ASCUS,0.987828,ASCUS,0.99997675,252.517868,433.572632,351.903625,521.653320
51032_23031,ASCUS,0.782629,ASCUS,0.99999,1.000000,405.608704,216.191132,608.000000
40696_18167,ASCUS,0.005855,ASCUS,0.99928004,25.558380,443.691711,208.440735,604.726746
40696_18167,ASCUS,0.251012,LSIL,0.96272135,468.437958,29.527687,608.000000,189.349945
44952_15127,ASCUS,0.989984,ASCUS,0.9973355,442.690125,360.760925,556.616150,529.923096
44952_15127,ASCUS,0.787299,ASCUS,0.9963851,515.975403,277.600098,579.785706,387.291931
44952_15127,ASCUS,0.708217,ASCUS,0.96436566,457.510834,240.332535,543.723938,363.040161
40088_38839,ASCUS,0.945966,ASCUS,0.9579173,395.950226,330.053009,508.715179,412.497894
40088_38839,ASCUS,0.503420,ASCUS,0.98868257,62.177582,64.525291,200.993866,235.583862
40088_38839,ASCUS,0.076956,ASCUS,0.99310476,363.490112,1.000000,526.379272,60.202206
41304_30935,ASCUS,0.026903,ASCUS,0.9999999,548.013428,94.436409,601.151489,157.517609
13336_27895,ASCUS,0.026588,ASCUS,0.99976593,204.557739,160.007843,391.176941,430.375458
11512_24855,ASCUS,0.996070,ASCUS,1.0,367.692627,372.406830,608.000000,601.975037
40696_37623,ASCUS,0.082405,ASCUS,0.97102123,263.604980,59.899582,487.082886,343.336609
40696_37623,ASCUS,0.092482,ASCUS,0.9859277,326.982208,352.010986,482.490875,506.250793
40696_37623,ASCUS,0.573158,ASCUS,0.9974062,224.668549,479.741638,425.135406,586.284607
40696_37623,ASCUS,0.955826,ASCUS,0.99766386,476.785309,439.568787,603.581055,562.312012
40696_37623,ASCUS,0.557816,ASCUS,0.9791815,122.014748,486.775116,223.779083,582.327576
44952_29111,ASCUS,0.716806,ASCUS,0.9675157,257.436127,50.306625,459.053741,314.561462
44952_29111,ASCUS,0.690937,ASCUS,0.99991167,435.294220,254.703934,601.560791,474.327637
20024_23031,ASCUS,0.923443,ASCUS,0.9993736,7.665298,42.490547,129.651337,240.094879
12728_18775,ASCUS,0.259604,ASCUS,0.8076496,421.419067,141.854645,596.239685,267.071045
46776_46135,ASCUS,0.287124,ASCUS,0.7849449,149.095261,221.238403,320.732605,468.392151
32792_19383,ASCUS,0.071110,ASCUS,0.9490332,407.530945,50.396881,538.358398,353.847565
32792_19383,ASCUS,0.095047,ASCUS,0.99944097,223.860321,245.242523,409.338287,372.283295
19416_27287,ASCUS,0.910778,ASCUS,0.9964889,424.856079,76.525757,551.557739,351.397034
41304_22423,ASCUS,0.031140,ASCUS,0.97756404,60.871140,518.577698,104.963287,565.117981
41304_22423,ASCUS,0.943483,ASCUS,0.9404539,131.705276,388.152649,293.125427,517.896240
35224_35191,ASCUS,0.981937,ASCUS,0.9986609,247.038498,451.650452,436.154602,608.000000
35224_35191,ASCUS,0.551999,ASCUS,0.9815611,323.566742,194.644806,405.783356,374.102570
5432_30327,ASCUS,0.994321,ASCUS,0.84744096,228.134308,324.552582,341.059723,488.815155
34008_46135,ASCUS,0.926607,ASCUS,0.9615124,73.650543,147.996277,466.923859,462.160339
39480_43703,ASCUS,0.229934,ASCUS,0.9766797,103.363686,113.864456,289.942474,247.556076
38264_38839,ASCUS,0.979393,ASCUS,0.9896512,152.766388,273.745270,306.029510,455.849579
27928_40663,ASCUS,0.887764,ASCUS,0.9999647,21.230652,62.099136,148.752396,204.588547
32184_23031,ASCUS,0.009146,ASCUS,0.9954631,59.209305,29.108498,270.149353,187.985901
32184_23031,ASCUS,0.998377,ASCUS,0.9999726,317.743561,239.090668,532.883179,478.897125
32184_23031,ASCUS,0.084952,LSIL,0.8936686,285.186005,540.127625,413.686554,604.201355
18200_32151,ASCUS,0.977864,ASCUS,0.9999709,489.099121,7.478256,590.098999,144.328293
18200_32151,ASCUS,0.997884,ASCUS,0.99999726,20.660576,155.882263,130.513489,269.959442
43736_18775,ASCUS,0.177952,ASCUS,0.99770904,181.726471,291.229706,371.063507,404.924591
5432_37623,ASCUS,0.010332,ASCUS,0.99822074,101.954964,111.561104,245.777802,186.408264
46168_32759,ASCUS,0.614696,ASCUS,0.9651639,327.048279,85.770248,465.495972,290.205139
46168_32759,ASCUS,0.909117,ASCUS,0.96468675,25.748158,458.701477,111.213074,608.000000
46168_32759,ASCUS,0.804377,ASCUS,0.9445982,87.300385,476.890442,176.445892,603.573669
46168_32759,ASCUS,0.110911,ASCUS,0.99894565,67.765327,400.488037,134.471985,489.179749
25496_27287,ASCUS,0.129788,ASCUS,0.99999344,477.435669,117.020187,605.736938,228.686996
34616_16343,ASCUS,0.086364,ASCUS,0.99315965,399.244446,297.059082,554.263916,448.995728
34616_16343,ASCUS,0.077327,ASCUS,0.9302945,441.121765,228.961716,591.538757,372.378113
44952_48567,ASCUS,0.197592,ASCUS,0.6218888,367.724457,37.009125,505.598724,228.343750
25496_41879,ASCUS,0.589925,ASCUS,0.9996306,235.392609,347.226562,460.541351,448.558289
25496_41879,ASCUS,0.069574,ASCUS,0.9914169,26.117271,276.621277,193.705109,405.743164
24280_21815,ASCUS,0.742814,ASCUS,0.99983346,9.528687,417.298859,142.507401,537.435364
24280_21815,ASCUS,0.081256,ASCUS,0.9241813,325.235962,447.092773,468.564941,604.296387
35832_19383,ASCUS,0.076871,ASCUS,0.9987521,210.001617,414.770172,326.955963,603.564880
6648_34583,ASCUS,0.456765,ASCUS,0.9271877,57.529091,81.416862,176.281921,214.043396
21848_10871,ASCUS,0.764521,ASCUS,0.7582808,391.183411,155.440460,531.220276,319.883240
41912_18775,ASCUS,0.243079,ASCUS,0.9994118,190.010742,149.673065,345.552002,307.926208
41912_18775,ASCUS,0.716284,ASCUS,0.97006726,1.000000,105.245033,175.681091,239.667938
40696_48567,ASCUS,0.182896,ASCUS,0.999967,1.000000,237.801605,366.747864,608.000000
15160_9655,ASCUS,0.174354,ASCUS,0.65121317,162.329941,389.386414,327.785583,517.252258
15160_9655,ASCUS,0.383181,ASCUS,0.9961384,385.228394,220.648651,519.903870,320.681488
31576_28503,ASCUS,0.196633,ASCUS,0.9990319,492.699402,346.268555,605.102600,495.453674
12120_33975,ASCUS,0.998962,ASCUS,0.9944989,394.836731,401.342621,539.924805,608.000000
12120_33975,ASCUS,0.085679,ASCUS,0.9978582,77.435776,122.305695,221.948715,239.031738
29752_46743,ASCUS,0.052481,ASCUS,0.59201545,256.510925,402.791077,442.432861,536.239197
11512_16343,ASCUS,0.115448,ASCUS,0.99278873,272.791412,21.236269,362.051361,84.698570
26712_24247,ASCUS,0.757002,ASCUS,0.9543229,173.958710,31.799515,348.026031,186.705048
12728_29111,ASCUS,0.497312,ASCUS,0.9999963,1.000000,157.094727,183.841171,373.555603
38872_9655,ASCUS,0.075116,ASCUS,0.99688345,525.312561,67.547554,603.097473,244.797821
51032_27895,ASCUS,0.358004,ASCUS,0.99786985,3.612465,3.682465,101.452072,133.501617
51032_27895,ASCUS,0.116071,ASCUS,0.52604944,37.437824,68.336876,101.641739,151.012848
51032_27895,ASCUS,0.616473,ASCUS,0.9949705,129.166992,324.278809,430.384094,495.379944
51032_27895,ASCUS,0.060181,ASCUS,0.9472479,47.593124,367.917358,487.695923,545.688721
32184_4791,ASCUS,0.661449,ASCUS,0.99128366,222.967087,233.825974,328.730774,351.643311
30360_4791,ASCUS,0.294248,ASCUS,0.9827225,351.135040,270.551788,508.157135,427.723541
30360_4791,ASCUS,0.167346,ASCUS,0.99934214,79.953339,30.922302,204.150146,173.393463
52248_19991,ASCUS,0.150338,ASCUS,0.76711786,79.505707,1.000000,185.058075,105.318062
16984_11479,ASCUS,0.998658,ASCUS,0.9997949,116.837112,433.981689,385.847290,607.479736
14552_14519,ASCUS,0.228738,ASCUS,0.9999621,44.562000,462.047119,156.344421,588.721436
33400_42487,ASCUS,0.021609,ASCUS,0.97669107,244.972809,336.161041,421.533783,507.999359
22456_48567,ASCUS,0.609297,ASCUS,0.9999902,54.433289,241.256683,319.315887,514.501343
10904_44311,ASCUS,0.984981,ASCUS,0.99990046,308.848633,333.817169,483.813049,458.440094
10904_44311,ASCUS,0.502094,ASCUS,0.9983708,329.294128,5.713676,466.152161,130.916351
22456_33367,ASCUS,0.118576,ASCUS,0.9989876,1.000000,60.238792,190.259064,310.064972
38872_13911,ASCUS,0.793196,ASCUS,0.9972778,47.238007,423.375092,204.387741,527.495483
38872_13911,ASCUS,0.878210,ASCUS,0.98904026,256.114624,213.051483,529.113464,419.387421
49816_27895,ASCUS,0.377773,ASCUS,0.9944412,205.480804,505.421539,347.258331,607.930664
47384_43703,ASCUS,0.006508,LSIL,0.6063648,230.012787,81.434341,469.738922,280.033691
19416_17559,ASCUS,0.009474,ASCUS,0.97893286,546.994019,48.407623,608.000000,354.522400
35224_30327,ASCUS,0.541689,ASCUS,0.99931824,167.138077,119.956161,559.946228,551.228699
35224_30327,ASCUS,0.893172,ASCUS,0.9993524,222.703125,193.725113,470.143677,493.897766
35224_30327,ASCUS,0.792610,ASCUS,0.9999832,103.871101,165.974564,296.060791,453.990051
44344_12695,ASCUS,0.536090,ASCUS,0.9999939,101.061745,92.777771,227.160858,219.234772
3000_31543,ASCUS,0.771222,ASCUS,0.71450204,200.423798,157.600754,417.367523,316.453308
28536_7223,ASCUS,0.483250,ASCUS,0.99997604,1.000000,296.149750,75.364548,417.561798
28536_7223,ASCUS,0.143059,ASCUS,0.84345603,164.581207,167.962875,305.043243,431.497314
37048_33367,ASCUS,0.845944,ASCUS,0.9587065,373.742126,142.102081,562.250427,252.591217
37048_33367,ASCUS,0.142180,ASCUS,0.8426689,40.032669,1.000000,327.194336,147.587311
17592_20599,ASCUS,0.621208,ASCUS,0.99857366,1.000000,149.330887,278.165833,411.505676
21240_8439,ASCUS,0.480695,ASCUS,0.9757059,509.245331,189.820587,604.894409,365.743561
16376_40663,ASCUS,0.329689,ASCUS,0.99504745,1.000000,74.550858,245.938766,397.188721
16376_40663,ASCUS,0.476596,ASCUS,0.99838877,70.183319,466.050781,181.930817,584.778076
51640_35191,ASCUS,0.182500,ASCUS,0.98300683,271.795776,413.859924,517.040039,591.107849
20632_41879,ASCUS,0.823163,ASCUS,0.9917977,269.472321,73.093491,426.708038,175.852234
43736_41271,ASCUS,0.842253,ASCUS,0.9839993,157.724731,1.000000,379.218140,76.880554
43736_41271,ASCUS,0.805984,ASCUS,0.9883442,401.608185,460.178619,599.520569,605.443848
43128_13303,ASCUS,0.985974,ASCUS,0.99980634,352.992615,26.523315,608.000000,342.950287
6648_29111,ASCUS,0.081972,ASCUS,0.99338984,104.996040,85.352394,273.252380,229.807953
6648_29111,ASCUS,0.050533,ASCUS,0.9822457,94.968491,354.583435,250.619431,534.257996
35832_36407,ASCUS,0.228247,ASCUS,0.9998741,226.559814,381.615753,375.814087,539.848145
41304_37623,ASCUS,0.995298,ASCUS,0.87630045,46.151978,270.797943,251.004395,459.341095
27928_9655,ASCUS,0.673219,ASCUS,0.9914886,224.946014,365.719025,393.449860,508.079193
27928_9655,ASCUS,0.346392,ASCUS,0.99991894,94.511047,16.183144,203.753021,168.536194
27928_9655,ASCUS,0.024661,LSIL,0.98328835,1.000000,10.086346,73.889633,79.841614
20632_45527,ASCUS,0.779529,ASCUS,0.9607017,320.987122,306.773773,594.242615,606.571655
20632_45527,ASCUS,0.124263,ASCUS,0.9993469,43.080120,333.339325,160.320801,429.546783
20632_45527,ASCUS,0.008899,ASCUS,0.9431637,65.357246,269.703339,186.095642,364.103607
8472_24855,ASCUS,0.181579,ASCUS,0.99727505,244.365372,1.000000,439.204407,145.394989
18808_34583,ASCUS,0.892417,ASCUS,0.96374214,1.000000,340.612518,139.303772,516.959595
18808_34583,ASCUS,0.814802,ASCUS,0.95866376,1.000000,161.794373,124.617485,344.602997
18808_34583,ASCUS,0.057951,ASCUS,0.6925622,360.298492,543.962830,465.813263,601.462341
27320_29111,ASCUS,0.976215,ASCUS,0.9914657,292.977722,200.813126,468.742065,384.647034
36440_10263,LSIL,0.963888,LSIL,1.0,205.388519,272.123810,454.824615,472.727081
21848_35799,ASCUS,0.774727,ASCUS,0.98144585,518.289001,258.568359,608.000000,525.709900
21848_35799,ASCUS,0.991008,ASCUS,0.98885417,110.266327,93.179634,261.335388,318.582336
47992_36407,ASCUS,0.641228,ASCUS,0.95921624,175.430222,215.659607,423.341492,410.678894
26712_25463,ASCUS,0.057323,ASCUS,0.99419385,373.852386,47.755539,471.802826,183.312729
26712_25463,ASCUS,0.784095,ASCUS,0.92456156,300.784637,339.774750,413.671539,498.991241
41304_21207,ASCUS,0.310685,ASCUS,0.8309601,190.745667,492.291565,395.560730,604.337097
24280_40055,ASCUS,0.733673,ASCUS,0.99421614,427.145996,369.388947,575.638672,554.893555
24280_40055,ASCUS,0.247228,ASCUS,0.9996512,22.050655,23.521347,146.888535,165.483383
32792_41271,ASCUS,0.298624,ASCUS,0.9993486,21.032234,261.753632,99.734001,494.324005
30968_27287,ASCUS,0.100037,ASCUS,0.9995208,372.280670,202.159668,581.415955,302.492767
30968_10263,ASCUS,0.304883,ASCUS,0.99182254,394.535828,347.174866,495.899475,495.669800
30968_10263,ASCUS,0.517738,ASCUS,0.9042466,359.784943,430.220612,464.925873,555.453369
18808_46135,ASCUS,0.855887,ASCUS,0.8642541,8.430450,164.932861,147.189438,357.958130
26712_33975,ASCUS,0.019785,ASCUS,0.9999995,326.279633,290.060577,524.793030,498.128754
34616_35191,ASCUS,0.996197,ASCUS,0.9991365,32.436768,22.605316,185.965607,161.657730
40088_45527,ASCUS,0.293490,ASCUS,0.9970696,139.620056,257.397430,286.268616,409.396637
38264_33975,ASCUS,0.019520,LSIL,0.5231851,324.425964,161.903183,454.274536,328.735107
24888_6007,ASCUS,0.289540,ASCUS,0.99476826,509.763611,256.356323,604.837341,391.823181
29144_31543,ASCUS,0.953576,ASCUS,0.9263074,388.547852,346.072693,551.815735,530.629150
31576_30935,ASCUS,0.775707,ASCUS,0.55927956,124.593590,284.205750,280.657288,533.645569
31576_30935,ASCUS,0.093094,ASCUS,0.8007005,120.979019,477.140625,240.459946,606.535034
52856_24855,ASCUS,0.992327,ASCUS,0.9977041,249.149857,160.418152,403.101501,360.400574
6040_35191,ASCUS,0.176838,ASCUS,0.9881682,138.929077,486.950378,350.612549,579.894226
6040_35191,ASCUS,0.068105,ASCUS,0.9995022,80.590904,484.553864,200.747284,608.000000
26712_9047,ASCUS,0.155030,ASCUS,0.9999999,262.140076,180.730011,370.824890,340.370880
40696_21207,ASCUS,0.993359,ASCUS,0.9997671,321.260468,364.151550,528.356873,581.015808
16984_27287,ASCUS,0.994605,ASCUS,0.9989555,260.142761,47.766144,419.579407,234.356110
16984_27287,ASCUS,0.431857,ASCUS,0.999997,98.811172,435.453400,212.885269,551.418701
16984_27287,ASCUS,0.103194,ASCUS,0.9254793,375.587677,427.560089,579.537415,572.783691
31576_32759,ASCUS,0.009040,ASCUS,0.9996295,222.196655,45.458946,332.515991,89.048851
39480_10871,ASCUS,0.390480,ASCUS,0.94938016,143.916138,3.006447,350.266998,241.654816
39480_10871,ASCUS,0.117731,ASCUS,0.9995946,1.000000,405.303284,121.207359,516.522400
35832_35191,ASCUS,0.123432,ASCUS,0.8672827,364.238464,177.094910,511.014221,343.621094
35832_35191,ASCUS,0.474540,ASCUS,0.99970067,457.981293,379.572937,579.336060,495.864075
30968_20599,ASCUS,0.969286,ASCUS,0.9999676,476.671661,99.101463,586.236755,178.879303
30968_20599,ASCUS,0.373109,ASCUS,0.99930835,278.101166,333.328735,372.808075,463.192261
30360_33367,ASCUS,0.123876,ASCUS,0.97080594,239.636139,222.129395,427.254791,350.092346
30360_33367,ASCUS,0.115976,ASCUS,0.9990301,208.969864,312.128845,329.781250,434.739136
29144_21207,ASCUS,0.996975,ASCUS,0.9473073,266.169312,281.513702,413.696289,463.959808
29144_21207,ASCUS,0.062428,ASCUS,0.99854577,272.930847,485.664032,362.414612,608.000000
20024_50391,ASCUS,0.980837,ASCUS,0.99998975,219.829575,250.796753,604.642029,436.116577
20024_50391,ASCUS,0.249760,ASCUS,0.9999789,149.708710,456.002747,372.149384,561.441711
40088_43095,ASCUS,0.959266,ASCUS,0.99999547,210.262909,375.305725,514.541260,599.898560
40088_43095,ASCUS,0.993380,ASCUS,0.9983041,66.989075,102.542236,187.015823,213.398468
50424_20599,ASCUS,0.843206,ASCUS,0.97723365,177.795654,52.488449,328.133301,184.145691
7864_20599,ASCUS,0.973244,ASCUS,0.9056593,214.368118,86.148972,443.411133,405.015198
7864_20599,ASCUS,0.092786,ASCUS,0.99999964,1.000000,1.000000,252.926956,243.172516
40696_7831,ASCUS,0.992366,ASCUS,0.9952721,325.760681,107.903290,437.646240,254.271149
40696_7831,ASCUS,0.943968,ASCUS,0.99839383,3.801132,161.281189,137.468994,282.427765
41912_43703,ASCUS,0.997503,ASCUS,0.9999987,347.304199,169.958649,525.460205,285.284241
41912_43703,ASCUS,0.431109,ASCUS,0.99969673,6.079926,374.320648,80.853004,451.858307
24888_13303,ASCUS,0.870853,ASCUS,0.9982168,333.637543,406.011963,458.506805,533.647705
49208_24247,ASCUS,0.686108,ASCUS,0.99881244,254.239227,134.276520,346.101593,276.524597
49208_24247,ASCUS,0.091865,ASCUS,0.9950948,230.879669,23.605652,360.991669,312.209076
49208_24247,ASCUS,0.083809,ASCUS,0.9870582,256.871796,26.239357,343.852203,159.759155
13944_29111,ASCUS,0.836914,ASCUS,0.98808634,187.261749,191.954071,500.599457,562.715454
13944_29111,ASCUS,0.157753,ASCUS,0.99998546,102.225967,465.407166,230.085129,602.887390
27928_11479,ASCUS,0.919029,ASCUS,0.9953923,264.117371,229.393982,400.568665,322.312744
27928_11479,ASCUS,0.073028,ASCUS,0.999613,5.024239,122.285484,134.811676,258.477875
27928_11479,ASCUS,0.050881,ASCUS,0.9978229,108.335312,540.703552,220.043655,606.556580
15160_30327,ASCUS,0.533025,ASCUS,0.50353575,354.756927,272.326172,551.408813,425.959595
13944_32759,ASCUS,0.063603,ASCUS,0.98485285,460.559631,181.563705,607.446960,406.733093
34616_13303,ASCUS,0.133114,ASCUS,0.9998373,123.384186,10.159477,236.131989,141.992432
43128_23031,ASCUS,0.113058,ASCUS,0.9993218,217.134323,8.037514,366.206482,177.005859
43128_28503,ASCUS,0.250613,ASCUS,0.99400795,127.293831,38.165169,339.674255,268.403320
40696_24247,ASCUS,0.952462,ASCUS,0.9994336,326.270691,306.453613,551.107483,544.275696
40696_24247,ASCUS,0.161620,ASCUS,0.6980556,89.735832,264.977081,257.999847,432.680939
40696_24247,ASCUS,0.116314,ASCUS,0.99928564,26.524979,1.000000,159.876617,93.600357
40696_28503,ASCUS,0.252263,ASCUS,0.98803884,119.448830,228.730682,257.291779,466.277374
36440_18167,ASCUS,0.984866,ASCUS,0.998262,148.103607,294.248627,263.792633,435.523102
37656_12087,ASCUS,0.872163,ASCUS,0.95860165,385.807068,196.413696,600.053345,359.264771
23064_29719,ASCUS,0.562581,ASCUS,0.786634,347.390320,197.924683,511.317871,358.520325
7864_40055,ASCUS,0.734747,ASCUS,0.9933289,12.528320,398.438477,142.087067,604.579224
7864_40055,ASCUS,0.547362,ASCUS,0.9947043,272.962921,418.826782,395.289948,536.552124
50424_32759,ASCUS,0.815584,ASCUS,0.9999658,331.933746,6.853611,430.690948,116.296158
27320_41879,ASCUS,0.793062,ASCUS,0.98965144,5.462105,28.760109,148.450287,189.679871
17592_43095,ASCUS,0.681319,ASCUS,0.98789096,336.497528,7.572628,472.774750,128.625244
17592_43095,ASCUS,0.124976,ASCUS,0.93663615,482.770294,187.397247,582.550476,350.386017
17592_43095,ASCUS,0.201186,ASCUS,0.67890614,289.096222,83.907768,377.629730,197.071533
17592_43095,ASCUS,0.956054,ASCUS,0.83227473,382.154694,203.254761,489.917206,337.378296
33400_16951,ASCUS,0.720459,ASCUS,0.98126316,213.660553,290.732330,406.043304,530.815796
38264_33367,ASCUS,0.019218,ASCUS,0.9988952,329.567871,143.333771,511.067505,412.556061
53464_30327,ASCUS,0.929369,ASCUS,0.9999902,432.319885,61.291512,538.887756,251.354523
16984_49175,ASCUS,0.668587,ASCUS,0.6352186,297.408783,2.651817,486.529205,243.023926
13944_26679,ASCUS,0.380179,ASCUS,0.99999833,79.514282,75.479736,202.684540,158.854492
13944_26679,ASCUS,0.981634,ASCUS,0.99999857,279.233154,369.898651,541.703247,608.000000
20632_24855,ASCUS,0.257488,ASCUS,0.98627335,2.255882,262.577667,137.491913,451.527618
19416_42487,ASCUS,0.344122,ASCUS,0.9888369,234.735031,382.204956,521.851196,596.943237
19416_42487,ASCUS,0.385295,ASCUS,0.37873444,1.000000,358.218323,113.359695,589.542542
38872_48567,ASCUS,0.017654,ASCUS,0.951476,226.137543,107.261436,423.833588,240.605530
38872_48567,ASCUS,0.361260,ASCUS,0.9999418,400.513916,17.575806,603.324829,285.420227
38264_49175,ASCUS,0.118018,ASCUS,0.99465454,99.090157,257.833282,228.560608,405.832245
38264_49175,ASCUS,0.153170,ASCUS,0.9993399,253.671997,190.387360,362.524414,361.255219
32184_10871,ASCUS,0.552738,ASCUS,0.96774787,417.896606,379.783173,608.000000,525.519348
22456_31543,ASCUS,0.921627,ASCUS,0.99835795,8.053436,317.862000,431.497070,608.000000
22456_31543,ASCUS,0.732200,ASCUS,0.9999912,251.046005,20.329384,397.005676,213.093231
22456_31543,ASCUS,0.641614,ASCUS,0.95508987,7.821800,9.496944,97.918114,91.979630
41912_40055,ASCUS,0.946673,ASCUS,0.99928325,325.709076,389.128357,468.201874,549.760498
28536_16343,ASCUS,0.053770,ASCUS,0.9997049,2.896317,92.335823,178.203156,307.215332
29144_23031,ASCUS,0.775079,ASCUS,0.94392055,132.867569,31.848534,278.078735,186.860382
50424_16343,ASCUS,0.441693,ASCUS,0.9969818,130.943726,286.099854,302.854797,533.714844
20632_16343,ASCUS,0.148302,ASCUS,0.9999852,480.934692,326.489563,564.580566,416.374512
33400_35799,ASCUS,0.250758,ASCUS,0.9999945,217.475098,170.006973,305.949707,272.639587
18808_8439,ASCUS,0.726308,ASCUS,0.9077526,373.079590,124.730026,485.354675,269.445007
18808_8439,ASCUS,0.702456,ASCUS,0.8964651,453.932953,247.442551,580.768188,339.248901
18808_8439,ASCUS,0.127720,ASCUS,0.963278,452.525299,168.462143,582.350464,274.505615
18808_8439,ASCUS,0.092039,ASCUS,0.78964305,425.868591,190.289902,592.736633,331.764038
24280_12087,ASCUS,0.069482,ASCUS,0.87758183,416.556335,433.467285,518.973206,608.000000
38872_33367,ASCUS,0.978170,ASCUS,0.9999447,401.637634,97.910843,484.660217,278.093994
32792_11479,ASCUS,0.009047,ASCUS,0.9992161,3.815882,413.666351,39.251198,493.993378
12120_46135,ASCUS,0.315074,ASCUS,0.99902487,323.799744,266.621765,523.404297,484.147522
12120_46135,ASCUS,0.203579,ASCUS,0.9906246,436.890564,25.889339,550.995117,145.193375
12120_46135,ASCUS,0.486653,ASCUS,0.9952408,42.804298,121.655579,176.687744,289.784668
15768_37015,ASCUS,0.803555,ASCUS,0.932685,521.638306,295.937317,608.000000,449.465515
15768_35799,ASCUS,0.894497,ASCUS,0.99627006,40.827469,381.654358,192.427567,542.729065
38264_41879,ASCUS,0.998117,ASCUS,0.9481919,440.040558,135.019379,544.483521,276.738342
38264_41879,ASCUS,0.988830,ASCUS,0.9996568,1.000000,1.000000,332.893127,192.276474
38264_41879,ASCUS,0.371793,ASCUS,0.9943646,405.159760,145.764832,469.511627,246.450287
6648_18167,ASCUS,0.264038,ASCUS,0.96212894,89.138939,167.725922,288.109467,322.254791
39480_42487,ASCUS,0.072009,ASCUS,0.98163134,1.000000,36.915535,136.768066,148.883881
23064_12695,ASCUS,0.621382,ASCUS,0.99121463,372.577667,235.730591,517.035400,336.303711
27320_31543,ASCUS,0.097668,ASCUS,0.99661595,178.075653,471.558655,343.819855,608.000000
27320_31543,ASCUS,0.266099,ASCUS,0.8746978,438.136169,402.979431,579.538452,599.420837
37048_14519,ASCUS,0.981759,ASCUS,0.937715,178.730255,318.712128,295.675354,476.417633
37048_14519,ASCUS,0.989966,ASCUS,0.9933648,102.366516,288.233246,210.719696,441.681671
46168_16951,ASCUS,0.876044,ASCUS,0.8873386,309.008270,9.055061,470.015778,159.953003
46168_16951,ASCUS,0.147178,ASCUS,0.94375217,455.722961,361.500122,532.554443,481.099854
46168_16951,ASCUS,0.121679,ASCUS,0.9883161,4.249454,457.636658,82.499283,592.754578
35832_37015,ASCUS,0.228713,ASCUS,0.9999341,22.167450,363.698547,314.299011,608.000000
30360_41879,ASCUS,0.359410,ASCUS,0.7638125,351.343140,245.971115,476.425232,387.342590
12728_26071,ASCUS,0.650959,ASCUS,0.99965465,335.705872,154.748306,489.279846,303.343262
10296_13303,ASCUS,0.027549,LSIL,0.9996438,44.447754,135.799179,438.653259,421.095703
10296_13303,LSIL,0.268801,LSIL,0.8586686,55.339844,101.812073,552.208496,521.172607
12728_33367,ASCUS,0.124165,ASCUS,0.99807537,2.197765,85.592239,40.352337,197.750504
7256_23639,ASCUS,0.336460,ASCUS,0.92770433,58.245697,13.434189,433.273376,230.691986
39480_6615,ASCUS,0.348804,ASCUS,0.8570027,38.512100,267.166840,301.268555,490.823639
8472_23639,ASCUS,0.567861,ASCUS,0.9078135,48.781479,122.062004,247.079361,271.618713
8472_23639,ASCUS,0.928754,ASCUS,0.99956626,240.481018,70.087036,442.251526,243.581390
8472_23639,ASCUS,0.924702,ASCUS,0.8414133,260.752686,187.773132,388.428711,319.937073
8472_23639,ASCUS,0.245569,ASCUS,0.80231935,172.416992,75.122604,285.785187,191.759537
8472_23639,ASCUS,0.155660,ASCUS,0.95705575,52.358757,27.080597,198.632416,143.829529
8472_23639,LSIL,0.111950,LSIL,0.8125494,263.858734,42.186089,452.051117,267.140625
49816_40055,ASCUS,0.437857,ASCUS,0.8315992,32.163208,294.709778,139.492767,437.176208
12728_26679,ASCUS,0.106920,ASCUS,0.9926865,317.485291,86.929474,409.908813,182.290802
32792_12087,ASCUS,0.858912,ASCUS,0.9937621,67.586647,84.423874,121.885277,164.709656
43128_47351,ASCUS,0.663260,ASCUS,0.8709451,320.189209,358.667786,504.221558,559.636780
38264_46743,ASCUS,0.020135,ASCUS,0.9213074,302.294525,128.091125,444.479828,219.524475
38264_46743,ASCUS,0.668531,ASCUS,0.9473701,429.896851,77.235641,556.448303,353.610596
4824_24247,ASCUS,0.275960,ASCUS,0.94315994,357.674866,1.015369,518.163025,91.383224
4824_24247,ASCUS,0.219726,ASCUS,0.9527173,52.340988,299.165833,262.926880,413.599243
47992_24247,ASCUS,0.451321,ASCUS,0.9999988,138.255157,1.000000,426.645660,138.589859
38264_39447,ASCUS,0.997526,ASCUS,0.95951545,4.850235,183.063553,181.801193,370.371216
40088_24247,ASCUS,0.740137,ASCUS,0.9042195,19.760345,72.660431,212.877914,239.016357
7864_21207,ASCUS,0.469241,ASCUS,0.9768475,433.420624,19.179161,602.299683,248.799408
7864_21207,ASCUS,0.167021,ASCUS,0.9992428,382.774445,476.726898,487.837494,604.435730
39480_9047,ASCUS,0.619082,ASCUS,0.93132013,345.509583,353.029358,466.604309,569.613892
26104_27895,ASCUS,0.615950,ASCUS,0.94283557,305.050903,303.275970,514.452698,550.277466
26104_27895,ASCUS,0.990970,ASCUS,0.81310064,89.047729,64.005302,174.640533,202.911621
26104_27895,ASCUS,0.463413,ASCUS,0.9999989,253.369339,111.951141,348.048157,233.008209
35832_7831,ASCUS,0.892008,ASCUS,0.9967344,1.000000,319.770660,121.998154,410.078827
22456_35799,ASCUS,0.921946,ASCUS,0.99854565,397.118958,145.457520,543.570923,359.807098
22456_35799,ASCUS,0.142016,ASCUS,0.99419,195.633484,148.435394,296.263916,295.884521
29752_28503,ASCUS,0.285756,ASCUS,0.9999833,370.260132,1.322029,472.315002,201.683624
29752_28503,ASCUS,0.998275,ASCUS,0.99997735,370.999817,242.967636,546.905212,485.716125
11512_19991,ASCUS,0.991691,ASCUS,0.9097297,76.321548,224.304443,235.463333,408.703247
23672_49175,ASCUS,0.991625,ASCUS,0.9943719,287.864960,420.220459,424.417694,597.921265
30360_24247,ASCUS,0.084284,ASCUS,0.9999993,479.936554,459.889587,587.291382,540.746582
10904_43703,ASCUS,0.975968,ASCUS,0.99064064,88.969513,108.052780,306.027435,239.305161
16376_10871,ASCUS,0.161417,ASCUS,0.92412084,103.263786,429.940979,227.169067,554.867188
5432_22423,ASCUS,0.021957,ASCUS,0.88890266,44.040958,477.531067,159.415787,604.537781
45560_13303,ASCUS,0.335618,ASCUS,0.9998697,47.598637,268.879791,172.177811,350.549774
45560_13303,ASCUS,0.033401,ASCUS,0.9999937,9.538788,489.215729,223.726166,592.771240
45560_13303,ASCUS,0.950456,ASCUS,0.9758379,330.820374,194.810211,477.711975,298.340607
20632_38231,ASCUS,0.161274,ASCUS,0.9999765,498.097534,479.312988,598.012573,571.189697
20632_38231,ASCUS,0.256891,ASCUS,0.99999595,20.625549,202.498291,184.823608,516.778870
26712_13911,ASCUS,0.172106,ASCUS,0.90657437,261.800293,131.318848,402.286255,295.449829
34008_9047,ASCUS,0.878534,ASCUS,0.97839326,348.537537,200.128235,534.920532,459.091003
34008_9047,ASCUS,0.984067,ASCUS,0.974824,1.000000,136.230896,156.151581,397.544373
12728_46135,ASCUS,0.983138,ASCUS,0.9999894,115.653557,470.890869,245.592255,551.258850
12728_46135,ASCUS,0.191362,ASCUS,0.99991477,36.488895,334.643402,152.528381,412.821564
46168_25463,ASCUS,0.894211,ASCUS,0.9999937,102.972977,380.309662,260.073242,477.184967
42520_22423,ASCUS,0.624387,ASCUS,0.9416998,145.728119,60.069092,297.068085,222.886108
42520_22423,ASCUS,0.024996,ASCUS,0.97470266,40.580013,62.227642,161.233643,173.238510
34616_10871,ASCUS,0.186117,ASCUS,0.9895057,368.338257,475.999908,538.426819,606.950195
47384_37015,ASCUS,0.951787,ASCUS,0.9991609,164.980484,1.824127,337.042847,238.395706
41912_44919,ASCUS,0.080254,ASCUS,0.89190763,209.600037,143.817596,375.344971,364.633148
41912_44919,ASCUS,0.937016,ASCUS,0.9999008,195.683929,488.926086,306.862152,607.152039
53464_24855,LSIL,0.248273,LSIL,0.6047438,80.535812,446.910767,234.155869,603.744385
37656_22423,ASCUS,0.005867,LSIL,0.9967026,38.193268,4.949707,397.327118,358.726013
29144_49175,ASCUS,0.986905,ASCUS,0.9998907,83.655319,213.218781,449.472961,388.739288
33400_26679,ASCUS,0.534673,ASCUS,0.9969266,17.450378,455.221954,198.809113,579.234009
33400_26679,ASCUS,0.267723,ASCUS,0.999498,467.019226,33.216888,608.000000,185.495377
30360_38839,ASCUS,0.257209,ASCUS,0.9967032,156.399872,22.640251,316.466736,181.228882
30360_38839,ASCUS,0.837429,ASCUS,0.99963343,357.637817,316.898956,486.783142,459.958221
21240_40055,ASCUS,0.388024,ASCUS,0.9999981,340.428192,17.562054,468.647980,120.613907
40696_10263,ASCUS,0.746203,ASCUS,0.99970454,432.286865,79.545685,602.634766,172.027435
40696_10263,LSIL,0.957732,LSIL,0.99999976,450.880066,268.225830,584.607361,460.811279
16376_27287,ASCUS,0.975979,ASCUS,0.6867812,17.810898,107.014732,165.345856,317.858521
16376_27287,ASCUS,0.987621,ASCUS,0.99984026,507.269989,364.625214,603.231995,495.545197
51640_35799,ASCUS,0.883800,ASCUS,0.99940336,107.920677,375.998718,324.665924,599.473633
10296_39447,ASCUS,0.199300,ASCUS,0.999622,321.603973,322.667053,440.713409,455.000000
10296_39447,ASCUS,0.112574,ASCUS,0.8893346,359.710754,448.222290,562.133972,585.507690
40696_22423,ASCUS,0.843645,ASCUS,0.999866,35.635124,38.716225,145.967865,193.881073
13944_44311,ASCUS,0.105404,ASCUS,0.98770183,49.184990,221.052673,104.991539,282.481049
13944_44311,ASCUS,0.193897,ASCUS,0.999764,51.479492,257.102295,118.660019,345.474976
13944_44311,ASCUS,0.158622,ASCUS,0.9617925,353.188660,19.730904,552.580261,150.430634
13944_44311,ASCUS,0.123799,ASCUS,0.57803315,341.800659,140.026855,498.365356,317.939209
13944_44311,ASCUS,0.068647,ASCUS,0.8928862,52.585121,18.885651,181.013702,253.568420
38872_34583,ASCUS,0.042665,ASCUS,0.9922265,99.651321,473.902771,214.626816,525.347168
24280_32151,ASCUS,0.008574,LSIL,0.9859729,314.348572,411.437042,431.550110,542.570862
36440_36407,ASCUS,0.655398,ASCUS,0.9832615,55.213722,351.833160,177.441345,491.127411
36440_36407,ASCUS,0.838887,ASCUS,0.9993685,390.675018,194.720276,533.851013,342.389404
36440_36407,ASCUS,0.274938,ASCUS,0.9985328,86.718689,276.251953,192.922485,422.056763
23672_34583,ASCUS,0.883263,ASCUS,0.9992755,3.124557,410.139618,83.373886,527.292358
23672_34583,ASCUS,0.958354,ASCUS,0.9905116,347.799805,267.333832,511.637817,399.751373
40696_15735,ASCUS,0.240196,ASCUS,0.9888896,356.186646,259.984863,422.370667,438.150513
11512_21815,ASCUS,0.550219,ASCUS,0.9929351,25.136963,113.880325,161.246735,249.637680
11512_21815,ASCUS,0.295132,ASCUS,0.99928576,377.195435,336.247253,559.880493,522.570496
40696_47959,ASCUS,0.801163,ASCUS,0.99960417,406.409882,455.633881,548.066467,577.710083
34616_45527,ASCUS,0.120694,ASCUS,0.9759212,1.000000,22.578552,138.324921,195.868286
18200_7831,ASCUS,0.476973,ASCUS,0.98162997,43.386261,235.249268,221.149994,350.521973
32184_50999,ASCUS,0.383854,ASCUS,0.99993396,281.283600,297.845795,382.853485,479.398163
34008_33367,ASCUS,0.205091,ASCUS,0.99786013,15.603363,255.495102,203.141388,393.695984
34008_33367,ASCUS,0.145471,ASCUS,0.9908153,310.897766,139.352417,497.995056,332.571014
36440_23031,ASCUS,0.771642,ASCUS,0.99174225,135.300842,537.087830,258.632202,608.000000
30360_5399,ASCUS,0.750099,ASCUS,0.9625255,298.831543,97.253120,461.666626,262.603394
30360_5399,ASCUS,0.146099,ASCUS,0.9982559,1.000000,286.273407,126.044067,414.799042
49208_40055,ASCUS,0.220554,ASCUS,0.9999448,352.364624,211.743790,593.822510,444.749207
9688_18775,ASCUS,0.999376,ASCUS,0.99848574,194.683487,338.052277,469.723755,570.691650
7256_36407,ASCUS,0.955423,ASCUS,0.9999995,159.652222,91.537743,378.992065,238.691223
35224_21207,ASCUS,0.982734,ASCUS,0.9999186,465.427429,340.101746,601.888489,503.027405
21848_33367,ASCUS,0.979946,ASCUS,0.985277,207.430176,101.489937,364.209839,262.109467
21848_33367,ASCUS,0.899053,ASCUS,0.9983236,403.814392,359.442261,518.772644,466.801636
37048_30327,ASCUS,0.102144,ASCUS,0.7626186,434.117706,4.281233,490.920013,54.267441
21848_16951,ASCUS,0.686452,ASCUS,0.999889,241.287369,290.981750,378.207092,529.905762
21848_16951,ASCUS,0.074548,ASCUS,0.9985905,154.050278,230.928116,238.736130,371.598145
37656_47959,ASCUS,0.135766,ASCUS,0.90253335,383.399719,307.924561,586.823059,471.214661
30360_27895,ASCUS,0.441363,ASCUS,0.9999527,312.415771,135.242737,480.311157,292.726044
35832_12087,ASCUS,0.105707,ASCUS,0.81332296,38.476898,154.996307,148.776031,252.130737
27320_50391,ASCUS,0.640932,ASCUS,0.9385895,434.664948,231.443695,599.144104,419.845001
27320_50391,ASCUS,0.318050,ASCUS,0.9046963,79.863403,222.275818,353.351990,462.412537
8472_20599,ASCUS,0.676951,ASCUS,0.9088338,105.243401,232.224960,257.203735,400.060364
39480_25463,ASCUS,0.050188,ASCUS,0.95731395,374.086212,150.008148,608.000000,477.449249
34008_11479,ASCUS,0.759986,ASCUS,0.99940383,63.103439,330.917786,350.658508,555.415527
13336_23639,ASCUS,0.760117,ASCUS,0.99100447,316.718384,101.243912,447.469177,180.744247
32184_29719,ASCUS,0.273353,ASCUS,0.9998087,319.467712,457.147003,443.093140,559.318604
32184_29719,ASCUS,0.385289,ASCUS,0.99296415,161.182831,286.596649,294.663971,363.977753
32184_29719,ASCUS,0.800850,ASCUS,0.9997781,192.421585,82.168091,359.247314,213.971344
21240_35799,ASCUS,0.196608,ASCUS,0.9986376,304.519806,2.881207,407.480316,101.652054
20024_6615,ASCUS,0.325836,ASCUS,0.9732496,353.316711,491.904205,471.713562,605.510254
20024_6615,ASCUS,0.157136,ASCUS,0.687572,90.603638,1.838108,223.483154,43.335518
20024_6615,ASCUS,0.020733,LSIL,0.96650934,345.561890,379.253845,497.266724,541.997864
47384_14519,ASCUS,0.125578,ASCUS,0.999111,490.585815,477.156250,575.043335,553.919067
47384_14519,ASCUS,0.096701,ASCUS,0.9687141,465.236481,393.664398,537.809204,460.244232
16984_33367,ASCUS,0.547557,ASCUS,0.99778867,365.611542,327.044922,472.713470,470.956665
16984_33367,ASCUS,0.115389,ASCUS,0.66044897,330.282318,200.020157,528.286987,321.315491
48600_13911,ASCUS,0.487600,ASCUS,0.9932678,297.210297,269.421814,480.682709,413.372864
21848_20599,ASCUS,0.671926,ASCUS,0.9990386,239.939514,448.360748,359.209045,567.545105
32184_15735,ASCUS,0.460189,ASCUS,0.99979097,466.298828,329.855865,583.289795,446.851715
24280_13303,ASCUS,0.217878,ASCUS,0.99998367,392.342316,61.224895,498.383392,188.279617
24280_13303,ASCUS,0.057085,ASCUS,0.9999962,359.829498,231.388748,436.818268,322.640594
24280_13303,ASCUS,0.012768,HSIL,0.96156275,316.641541,246.149796,379.909424,321.981323
38872_49175,ASCUS,0.130799,ASCUS,0.9260465,166.127716,189.618912,242.622894,254.159744
38872_49175,ASCUS,0.602174,ASCUS,0.6005032,371.018890,352.227966,606.418762,602.422607
45560_33367,ASCUS,0.930343,ASCUS,0.99971443,141.662567,153.903259,269.364441,349.660675
35224_15735,ASCUS,0.058378,ASCUS,0.90380245,214.395325,499.405090,369.948059,596.908508
35224_15735,ASCUS,0.330680,ASCUS,0.9999951,64.193451,40.575859,150.914551,176.056244
41912_37015,ASCUS,0.624292,ASCUS,0.9970319,393.323700,137.763870,560.410767,287.512573
27320_44919,ASCUS,0.328281,ASCUS,0.9374164,67.219490,197.065277,245.147034,326.528473
5432_23639,ASCUS,0.929127,ASCUS,0.99037546,353.302551,83.632713,518.979858,214.733734
30360_18775,ASCUS,0.963791,ASCUS,0.99950707,128.755859,124.162949,232.970001,238.105240
44952_42487,ASCUS,0.995772,ASCUS,0.99991834,352.481720,50.931976,589.902710,384.597687
44952_42487,ASCUS,0.186242,ASCUS,0.9963486,1.000000,429.820953,89.153641,607.278442
44344_30327,ASCUS,0.985870,ASCUS,0.9997842,106.536049,469.483765,269.644745,598.731812
30360_13303,ASCUS,0.752024,ASCUS,0.99999976,176.255661,393.927002,344.277466,558.350464
38872_33975,ASCUS,0.238936,ASCUS,0.9903042,188.054474,210.611633,350.278778,343.715881
52856_25463,ASCUS,0.026824,ASCUS,0.99995935,3.649170,316.873993,148.615891,530.714539
18200_12087,ASCUS,0.170633,ASCUS,0.83010274,29.928757,463.882690,369.754822,579.872803
6648_41271,ASCUS,0.020278,ASCUS,0.9408234,1.000000,269.111389,330.897461,608.000000
29752_32151,ASCUS,0.076165,ASCUS,0.55527765,1.000000,1.000000,359.890839,597.541138
29752_32151,ASCUS,0.436844,ASCUS,0.97623956,392.998627,122.046082,548.299011,241.261597
29752_32151,ASCUS,0.071640,ASCUS,0.9986625,394.574585,400.011353,544.455933,553.801636
29752_32151,ASCUS,0.895745,ASCUS,0.9993926,2.566132,66.055161,269.347412,463.953491
42520_26071,ASCUS,0.229309,ASCUS,0.99969983,456.921906,3.842361,591.256104,117.355881
42520_26071,ASCUS,0.581367,ASCUS,0.9950169,480.026123,69.894630,603.058350,212.224976
42520_26071,ASCUS,0.997721,ASCUS,0.99999714,1.000000,186.293915,377.589417,402.504730
13336_43095,ASCUS,0.037673,ASCUS,0.99675995,363.530670,432.628235,574.041138,602.371277
13336_43095,ASCUS,0.516007,ASCUS,0.9989384,314.527832,12.627563,467.698181,258.535339
32792_19991,ASCUS,0.220440,ASCUS,0.9586549,394.729248,190.005173,558.437378,317.090637
17592_35799,ASCUS,0.373693,ASCUS,0.56578195,112.148430,95.312126,330.165771,252.082794
17592_35799,ASCUS,0.130849,ASCUS,0.99792874,317.120422,550.999573,396.831482,608.000000
19416_48567,ASCUS,0.388871,ASCUS,0.9794911,81.875626,258.348358,139.796310,342.295258
6648_17559,ASCUS,0.449908,ASCUS,0.9901912,405.490570,400.977722,547.642090,567.813354
13944_9047,ASCUS,0.908174,ASCUS,0.9695422,442.842194,345.044983,576.011047,513.095032
26712_47351,ASCUS,0.138517,ASCUS,0.7238163,7.681053,112.124413,145.408569,220.501312
26712_47351,ASCUS,0.371387,ASCUS,0.99698704,1.000000,463.746033,76.303238,518.929016
26712_47351,ASCUS,0.308731,ASCUS,0.99981946,12.812836,497.126221,111.566589,573.569824
9688_44919,ASCUS,0.944614,ASCUS,0.88691443,11.999596,393.370636,142.173218,576.521606
35832_29719,ASCUS,0.984429,ASCUS,0.9999248,32.460220,447.332764,201.363724,605.001343
35832_29719,ASCUS,0.067310,ASCUS,0.8421793,453.553802,19.457298,608.000000,167.039734
37048_8439,ASCUS,0.684964,ASCUS,0.99993765,444.539124,371.946960,540.729919,436.582764
37048_8439,ASCUS,0.529734,ASCUS,0.9995326,468.971008,315.414429,551.667786,383.592651
37048_8439,ASCUS,0.456363,ASCUS,0.999818,371.152313,282.228577,486.574127,383.188599
37048_8439,ASCUS,0.131379,ASCUS,0.5829784,286.689148,419.874146,475.003967,600.027405
14552_26071,ASCUS,0.855794,ASCUS,0.97601503,351.579956,214.265259,473.382019,325.995178
14552_26071,ASCUS,0.996895,ASCUS,0.9999604,1.000000,108.683899,183.221771,392.083801
7256_17559,ASCUS,0.046188,LSIL,0.9998041,195.524902,108.529594,359.117676,253.562439
40088_13303,ASCUS,0.081550,ASCUS,0.98069614,570.921936,462.927673,608.000000,554.880310
47384_15127,ASCUS,0.871488,ASCUS,0.9953242,298.619659,331.227112,432.624542,448.424194
39480_16951,ASCUS,0.984611,ASCUS,0.9935808,110.034271,113.203506,284.184235,417.914185
26104_44311,ASCUS,0.891872,ASCUS,0.998142,316.190826,212.890915,526.438232,358.239868
26104_44311,ASCUS,0.772987,ASCUS,0.920835,40.110413,131.845566,295.913177,395.515442
23064_25463,ASCUS,0.313633,ASCUS,0.67407024,270.596497,430.510895,443.610168,604.890930
23064_25463,ASCUS,0.131248,ASCUS,0.9999497,1.961632,238.840057,71.877647,364.878204
27928_7223,ASCUS,0.514572,ASCUS,0.99939024,1.000000,235.252808,140.300385,398.309631
27928_7223,ASCUS,0.799773,ASCUS,0.9929404,129.028870,96.897285,279.960938,265.929077
27928_7223,ASCUS,0.165778,ASCUS,0.58635956,39.816044,124.714172,163.925125,221.422394
27928_7223,ASCUS,0.159274,ASCUS,0.99498194,422.349304,307.150940,497.568359,486.593567
13336_31543,ASCUS,0.997645,ASCUS,0.99992955,409.182892,463.986816,576.857666,601.505127
6648_21815,ASCUS,0.304728,ASCUS,0.9999862,4.554649,217.961090,82.656807,333.777313
21848_28503,ASCUS,0.115608,ASCUS,0.7985023,484.908813,319.259857,562.480835,380.635345
27928_54647,ASCUS,0.337922,ASCUS,0.89876705,453.156647,34.118210,608.000000,370.688416
21848_26071,ASCUS,0.096133,ASCUS,1.0,221.783905,66.395325,364.929535,181.781250
21848_26071,ASCUS,0.010582,ASCUS,0.83978146,304.931152,150.325043,456.857727,324.334595
21848_26071,ASCUS,0.175142,ASCUS,0.914532,7.633194,256.239319,143.137909,377.697144
14552_12087,ASCUS,0.831135,ASCUS,0.995118,151.856522,2.299255,317.309448,338.358215
14552_12087,ASCUS,0.435374,ASCUS,0.98472875,478.511017,276.788544,587.111450,391.115753
21848_48567,ASCUS,0.428886,ASCUS,0.9999064,310.318939,390.627075,473.639923,590.261841
21848_48567,ASCUS,0.282493,ASCUS,0.9889043,499.180939,102.019958,608.000000,397.326630
18200_35799,ASCUS,0.974684,ASCUS,0.9358534,195.072311,369.668030,323.764404,565.991821
18200_35799,ASCUS,0.171172,ASCUS,0.92986566,152.318176,61.291862,275.869995,205.328766
9080_38839,ASCUS,0.330741,ASCUS,0.9833398,378.141266,201.277649,561.609802,354.174316
9080_38839,ASCUS,0.653348,ASCUS,0.99999976,45.157196,221.948639,322.335388,406.614044
9080_38839,ASCUS,0.170607,ASCUS,0.6696494,474.123169,354.319183,608.000000,487.652191
9080_38839,ASCUS,0.760041,ASCUS,0.97927755,494.133240,470.288757,601.780701,579.739197
9080_38839,ASCUS,0.093552,ASCUS,0.98709375,27.696541,13.110512,192.304504,158.325623
48600_19991,ASCUS,0.995767,ASCUS,0.99983454,6.881580,52.457642,128.296555,244.076508
12728_33975,ASCUS,0.944460,ASCUS,0.9995684,322.181702,370.572540,422.103455,457.834442
12728_33975,ASCUS,0.021625,LSIL,0.9754834,293.908478,450.583740,467.414520,583.998413
12728_19991,ASCUS,0.754365,ASCUS,0.9914858,52.064262,105.844673,216.698822,326.673981
24280_25463,ASCUS,0.277629,ASCUS,0.9805375,445.082520,311.674103,589.207886,465.836700
24280_25463,ASCUS,0.138191,ASCUS,0.9954122,468.237793,296.403198,601.281738,583.907654
24280_25463,ASCUS,0.136630,ASCUS,0.9330431,309.406738,7.026619,452.330261,114.630501
29752_38231,ASCUS,0.571799,ASCUS,0.9756068,155.082062,386.056732,318.646515,553.038452
29752_38231,ASCUS,0.998855,ASCUS,0.99957544,122.792313,73.177742,239.597397,240.126099
40088_29111,ASCUS,0.055113,ASCUS,0.9999175,384.909515,373.638245,559.861084,604.532715
14552_25463,ASCUS,0.144791,ASCUS,0.9998872,45.666504,376.685181,237.017517,497.918640
28536_37015,ASCUS,0.839872,ASCUS,0.99247414,25.971802,149.351273,144.375031,275.366394
28536_37015,ASCUS,0.011981,ASCUS,0.9299414,1.000000,162.877777,43.446209,278.942841
38264_50391,ASCUS,0.248898,ASCUS,0.9990827,301.498688,2.480095,427.885773,121.991646
38264_50391,ASCUS,0.168215,ASCUS,0.9999591,365.067078,354.740356,553.002136,558.817932
21240_52215,ASCUS,0.106133,ASCUS,0.9923705,445.668854,229.260025,597.187073,497.539001
48600_42487,ASCUS,0.069110,ASCUS,0.721176,185.265457,39.204948,367.630310,210.738068
43736_21207,ASCUS,0.191257,ASCUS,0.99335253,225.794388,290.280457,364.055542,425.607422
43736_21207,ASCUS,0.253952,ASCUS,0.99236417,293.250000,85.274841,522.404358,285.738617
34008_29111,ASCUS,0.025719,ASCUS,0.9991359,283.795074,120.894135,495.210052,190.366913
38264_47351,ASCUS,0.140734,ASCUS,0.98937744,376.257324,415.006348,546.111694,572.048828
38264_47351,ASCUS,0.082583,ASCUS,0.50912124,302.345184,44.227859,482.978363,264.152954
17592_27287,ASCUS,0.947062,ASCUS,0.9996296,269.571899,1.000000,580.528748,207.161514
17592_27287,ASCUS,0.990846,ASCUS,0.9982101,355.038910,350.996704,551.766846,488.408875
39480_7223,ASCUS,0.687616,ASCUS,1.0,1.000000,127.047813,97.862610,216.937134
37656_18775,ASCUS,0.114417,ASCUS,0.99997723,247.717133,8.948372,403.817902,176.623505
37656_18775,ASCUS,0.111201,ASCUS,0.9951692,149.187134,540.360413,226.596130,608.000000
41304_32759,ASCUS,0.971314,ASCUS,0.69153816,455.695587,122.474014,608.000000,300.953247
41304_32759,ASCUS,0.056711,ASCUS,0.9992441,164.810226,2.027847,243.044113,137.470261
32792_30327,ASCUS,0.991244,ASCUS,0.99993813,238.871887,361.066284,392.109253,594.630432
32792_30327,ASCUS,0.847449,ASCUS,0.9916888,183.926392,31.374931,355.502808,153.858704
24280_29719,ASCUS,0.074934,ASCUS,0.9920946,369.903870,428.131287,519.111633,543.602478
39480_12695,ASCUS,0.993765,ASCUS,0.7092658,51.338112,255.389862,181.813965,440.441925
12728_49175,HSIL,0.419599,HSIL,0.9624168,388.848114,69.392410,488.590790,137.058441
20632_22423,ASCUS,0.101337,ASCUS,0.998285,98.193489,157.543854,268.853973,377.262604
13944_19991,ASCUS,0.206489,ASCUS,0.9999968,13.349472,424.052521,141.784042,547.518188
13944_19991,ASCUS,0.076135,ASCUS,0.9999405,380.138611,232.228546,495.997986,401.519501
12120_19383,ASCUS,0.088592,ASCUS,0.9889382,421.557678,153.067352,595.688721,320.680237
18200_6615,ASCUS,0.124905,ASCUS,0.89693475,328.808136,408.732910,479.721710,496.605774
24280_47351,ASCUS,0.997112,ASCUS,0.9999523,193.158310,133.652756,393.821289,243.271072
24280_47351,ASCUS,0.993631,ASCUS,0.9658657,302.512817,455.068756,459.935242,591.149719
34008_17559,ASCUS,0.867913,ASCUS,0.999946,328.309265,261.153015,530.834167,420.752197
34008_17559,ASCUS,0.076838,ASCUS,0.99821657,179.610245,471.288666,294.368500,546.692078
50424_25463,ASCUS,0.483654,ASCUS,0.99224067,137.354095,433.865356,238.302094,600.579224
50424_25463,ASCUS,0.725448,ASCUS,0.91214174,43.370483,434.203705,158.444641,583.585083
29752_21815,ASCUS,0.028079,SCC,0.97501594,60.246521,79.684479,555.188293,474.489166
16376_44919,ASCUS,0.358155,ASCUS,0.9999976,101.870125,364.169769,306.817078,478.025787
49816_15735,ASCUS,0.998858,ASCUS,0.9481967,86.526505,4.293442,346.494019,210.696335
49816_15735,ASCUS,0.164028,ASCUS,0.9663903,439.345612,117.280396,608.000000,244.552765
49816_15735,ASCUS,0.050887,ASCUS,0.75907874,415.910614,253.634949,600.467896,531.951843
8472_29719,ASCUS,0.017275,ASCUS,0.95770293,518.127869,1.884462,595.876892,41.259293
27928_18775,ASCUS,0.076446,ASCUS,0.993214,151.649323,507.386902,401.568207,607.224182
27928_18775,ASCUS,0.054209,ASCUS,0.8513407,116.503929,142.370483,307.835205,299.877319
46168_19383,ASCUS,0.478951,ASCUS,0.99990296,307.326843,225.214462,549.494202,346.616577
46168_19383,ASCUS,0.670506,ASCUS,0.99988747,160.882294,2.452484,315.822327,120.795654
24888_4791,ASCUS,0.065947,ASCUS,0.9088095,235.705963,10.197071,430.115326,128.647842
21240_20599,ASCUS,0.269878,ASCUS,0.99985516,34.841381,172.205734,148.628036,298.667633
41912_32151,ASCUS,0.248871,ASCUS,0.99995553,10.714386,284.303192,321.799652,442.321381
41912_32151,ASCUS,0.252229,ASCUS,0.99995077,405.414551,418.526123,532.878784,553.216003
51032_40663,ASCUS,0.024860,ASCUS,0.6591888,22.229202,116.548882,222.570999,343.255951
51640_40055,ASCUS,0.099215,ASCUS,0.6213386,90.037659,256.271118,288.303986,393.929626
12120_34583,ASCUS,0.836304,ASCUS,0.98988557,121.629211,283.284393,255.842163,478.206268
12120_34583,ASCUS,0.053711,ASCUS,0.6670139,189.494675,419.324768,331.949219,598.440857
47992_27895,ASCUS,0.008396,ASCUS,0.99873453,153.893036,59.250004,237.750305,177.218277
8472_22423,ASCUS,0.991436,ASCUS,0.99999785,31.455284,238.680847,207.565918,483.458923
18200_18167,ASCUS,0.080042,ASCUS,0.757311,82.201767,1.000000,138.166550,69.810295
22456_49783,ASCUS,0.014445,ASCUS,0.9999881,466.081726,2.072350,602.635315,211.753754
22456_49783,ASCUS,0.117856,ASCUS,0.99593866,480.378418,387.763794,603.375244,518.149475
43736_28503,ASCUS,0.205924,ASCUS,0.9930947,107.172127,44.802094,203.943878,222.574158
43736_28503,ASCUS,0.999488,ASCUS,0.9999298,407.286255,44.583664,580.131226,234.724930
43736_28503,ASCUS,0.907658,ASCUS,1.0,41.472397,351.486694,324.596130,608.000000
43736_28503,ASCUS,0.808187,ASCUS,0.9999902,1.000000,388.400879,446.433105,557.719177
40088_41271,ASCUS,0.057643,ASCUS,0.9931371,98.283417,188.427490,303.276825,407.954224
27928_7831,ASCUS,0.005387,LSIL,0.96676666,189.577637,61.116325,365.079285,171.734650
20024_44919,ASCUS,0.998695,ASCUS,0.9993875,35.774689,5.722656,150.860947,163.348877
20024_44919,ASCUS,0.988573,ASCUS,0.9542261,1.933525,114.432335,72.096550,247.431000
4216_32759,ASCUS,0.894903,ASCUS,0.905546,245.333023,289.398315,512.719971,594.848083
17592_29719,ASCUS,0.987042,ASCUS,0.8766734,276.050781,43.146667,539.453308,271.146576
17592_29719,LSIL,0.830029,LSIL,0.6290689,4.653610,363.810120,162.719254,494.168396
37048_10263,ASCUS,0.784685,ASCUS,0.99997187,293.522705,471.236176,389.819702,535.536621
11512_22423,ASCUS,0.072012,ASCUS,0.9931938,1.000000,26.133575,59.861534,128.114105
7864_32151,ASCUS,0.982878,ASCUS,0.9995926,405.160950,202.536652,597.087402,368.280487
5432_31543,ASCUS,0.994409,ASCUS,0.9214353,280.038391,362.257202,415.879578,544.968628
42520_24247,ASCUS,0.615450,ASCUS,0.58062196,193.521805,19.572159,335.038635,290.735962
36440_26679,ASCUS,0.084581,ASCUS,0.99996424,260.990723,367.662537,386.740234,439.907471
11512_33367,ASCUS,0.915627,ASCUS,0.9999118,1.000000,125.554230,167.078415,608.000000
11512_33367,ASCUS,0.933313,ASCUS,0.9997693,431.719910,53.319107,601.228943,195.522308
11512_33367,ASCUS,0.540764,ASCUS,0.99990416,266.131775,341.115570,399.328857,469.340790
11512_33367,ASCUS,0.284445,ASCUS,0.99973196,234.665710,521.506226,365.937744,608.000000
11512_33367,ASCUS,0.201501,ASCUS,0.9969957,370.781189,222.103088,486.630188,362.430420
47992_20599,ASCUS,0.451262,ASCUS,0.52900213,152.192444,57.773964,406.539734,247.564972
48600_44311,ASCUS,0.100241,ASCUS,0.87052494,185.395782,1.000000,352.010284,189.968201
48600_44311,ASCUS,0.078022,ASCUS,0.76384217,339.365417,83.480988,606.677673,287.113342
47992_27287,ASCUS,0.049955,ASCUS,0.983094,65.513382,1.000000,268.195312,211.708099
47992_27287,ASCUS,0.261320,ASCUS,0.9999658,1.000000,282.673462,152.811188,531.095276
47992_27287,ASCUS,0.141328,ASCUS,0.99204564,156.282959,370.160309,284.083160,489.248810
43736_29719,ASCUS,0.872514,ASCUS,0.999861,191.423523,292.313904,377.271484,403.982849
43736_29719,ASCUS,0.512393,ASCUS,0.9883492,380.808990,252.433105,542.186157,397.375305
43736_29719,ASCUS,0.136568,ASCUS,0.99505544,2.585289,88.925842,118.050835,208.968018
43736_29719,ASCUS,0.109481,ASCUS,0.999974,501.771667,351.811920,598.008118,506.081390
35224_50391,ASCUS,0.511029,ASCUS,0.9999614,159.061768,467.204346,299.898987,582.939819
45560_26071,ASCUS,0.179949,ASCUS,0.985683,257.380341,265.057770,366.611725,518.558777
45560_26071,ASCUS,0.031035,ASCUS,0.9413705,253.227493,370.544220,365.154907,486.183136
45560_26071,ASCUS,0.311230,ASCUS,0.99931526,213.680649,1.000000,403.916016,135.493988
37656_47351,ASCUS,0.835886,ASCUS,0.8231765,249.534042,343.582703,464.401062,484.840149
52856_29111,ASCUS,0.879107,ASCUS,0.9498353,258.966522,315.833344,472.663788,475.861786
52856_29111,ASCUS,0.774408,ASCUS,0.99814093,51.170006,74.248917,167.553833,224.630417
22456_20599,ASCUS,0.843337,ASCUS,0.8452187,141.978195,11.419899,317.230164,206.659363
22456_20599,ASCUS,0.159897,ASCUS,0.99992156,466.946503,359.038513,569.195923,512.084045
40696_46135,ASCUS,0.671398,ASCUS,0.8083358,192.075027,65.529984,281.092438,136.802368
40696_46135,ASCUS,0.959851,ASCUS,0.8213708,137.373932,152.113190,256.893433,276.496307
40696_46135,ASCUS,0.968736,ASCUS,0.99855393,92.564743,258.792084,401.468018,466.563507
40696_46135,ASCUS,0.041970,ASCUS,0.91997814,7.116013,191.076630,434.851624,549.596436
40696_46135,ASCUS,0.933766,ASCUS,0.7016009,93.898010,62.330643,205.325378,203.846786
19416_19383,ASCUS,0.689827,ASCUS,0.99979407,12.390930,47.056976,387.450684,255.893036
19416_19383,ASCUS,0.108490,ASCUS,0.9964071,450.403290,522.496887,566.617432,607.062561
27320_30935,ASCUS,0.132873,ASCUS,0.9643519,447.280457,10.909065,588.012512,208.901611
18808_26071,ASCUS,0.462902,ASCUS,0.9998697,63.360424,213.144958,141.549988,292.998535
39480_12087,ASCUS,0.993853,ASCUS,0.9803653,333.606934,466.243347,432.160522,598.279114
39480_12087,ASCUS,0.344149,ASCUS,0.9655934,537.622253,92.498459,604.966003,141.428207
27320_41271,ASCUS,0.260002,ASCUS,0.99977297,112.700485,9.928658,234.546127,91.788216
7864_30935,ASCUS,0.867094,ASCUS,0.9963594,9.619171,438.203552,298.083679,606.843933
7864_30935,ASCUS,0.128899,ASCUS,0.9996774,117.597519,236.743927,241.170151,351.191620
7864_30935,ASCUS,0.555818,ASCUS,0.9965243,510.777161,259.315582,604.727112,423.331940
7864_30935,ASCUS,0.385817,ASCUS,0.9995925,520.396851,141.758728,608.000000,252.720062
7864_30935,ASCUS,0.071364,ASCUS,0.9997359,501.038757,138.658081,608.000000,457.620667
13944_33975,ASCUS,0.448295,ASCUS,0.99733526,18.500259,70.104767,230.272797,212.034973
28536_6007,ASCUS,0.798619,ASCUS,0.99981767,1.000000,27.084717,176.656799,144.826324
32184_33367,ASCUS,0.981094,ASCUS,0.99999917,169.194702,28.764961,366.191162,188.632355
26104_11479,ASCUS,0.975051,ASCUS,0.99986005,260.286865,473.102905,423.177307,607.762939
22456_23031,ASCUS,0.892941,ASCUS,0.9989975,83.569496,303.356415,311.657471,426.850067
24888_15127,ASCUS,0.220455,ASCUS,0.945926,1.000000,398.648346,573.332947,594.046631
24888_15127,ASCUS,0.545870,ASCUS,0.9552418,287.755188,493.333405,409.806458,605.299683
48600_33367,ASCUS,0.573899,ASCUS,0.99998355,145.529541,1.000000,584.169128,608.000000
48600_33367,ASCUS,0.997967,ASCUS,0.99999154,209.618271,154.099136,547.703857,470.328552
48600_33367,ASCUS,0.963466,ASCUS,0.99976546,286.514648,43.061890,490.821472,584.751343
15768_14519,ASCUS,0.649261,ASCUS,0.9986307,184.146149,146.744598,370.571747,245.438965
41304_44311,ASCUS,0.401974,ASCUS,0.9991912,176.891922,286.168762,351.867004,560.504272
41304_44311,ASCUS,0.083550,ASCUS,0.47860017,155.925842,412.512299,349.629639,525.943848
41304_44311,ASCUS,0.351584,ASCUS,0.99957734,185.771729,305.850647,368.650635,440.526550
34616_24247,ASCUS,0.053415,ASCUS,0.9820685,416.752960,524.899475,517.125122,572.291809
20632_30327,ASCUS,0.214485,ASCUS,0.98890465,357.725281,319.681122,564.577026,427.375763
20632_30327,ASCUS,0.996533,ASCUS,0.99980253,177.996399,194.564987,263.894806,326.341492
20632_30327,ASCUS,0.140962,ASCUS,0.9951939,237.284790,180.842407,314.523254,310.336731
12120_38231,ASCUS,0.719621,ASCUS,0.9996778,323.945312,505.957428,436.648804,606.041077
12120_38231,ASCUS,0.986087,ASCUS,0.9934075,154.114380,76.548103,320.155457,236.979706
12120_38231,ASCUS,0.976544,ASCUS,0.98201215,87.950874,160.838242,241.949554,314.344116
52856_29719,ASCUS,0.079889,ASCUS,0.99808455,281.381134,321.247131,400.172760,459.574768
52856_29719,ASCUS,0.051215,ASCUS,0.8872775,219.144394,380.535736,320.866272,558.169250
14552_43703,ASCUS,0.296071,ASCUS,0.9999759,33.865013,389.671448,150.008362,488.318787
14552_43703,ASCUS,0.987074,ASCUS,0.99998546,110.291039,133.262299,282.240326,276.247955
14552_43703,ASCUS,0.741406,ASCUS,0.6165831,459.508362,149.828613,608.000000,377.716370
42520_29111,ASCUS,0.013905,ASCUS,0.99934155,1.000000,6.600616,608.000000,608.000000
38264_27287,ASCUS,0.350934,ASCUS,0.7734517,35.220459,97.524231,152.269653,218.208496
26712_12087,ASCUS,0.536159,ASCUS,0.90428215,355.429565,361.901794,486.859497,449.673340
47384_27287,ASCUS,0.971026,ASCUS,0.9928189,363.077698,438.801270,493.992371,529.728882
47384_27287,ASCUS,0.711052,ASCUS,0.9997924,45.795860,10.506363,202.697632,175.364334
29752_4791,ASCUS,0.472276,ASCUS,0.98929477,52.904251,431.107788,227.730118,601.625366
29752_4791,ASCUS,0.386015,ASCUS,0.95653486,360.944183,297.935425,550.654053,524.072021
29752_4791,ASCUS,0.358802,ASCUS,0.9448667,423.757141,359.784821,528.610352,498.988556
29752_4791,ASCUS,0.068766,ASCUS,0.9999573,338.014893,2.894897,458.052917,152.535782
26104_28503,ASCUS,0.025667,ASCUS,0.99724966,93.317810,275.562042,235.712158,455.863068
26104_28503,ASCUS,0.135396,ASCUS,0.99072266,392.454987,115.795563,578.014160,261.671326
4216_27287,ASCUS,0.395344,ASCUS,0.9987668,321.606995,18.579285,529.477295,572.290833
4216_27287,ASCUS,0.098042,ASCUS,0.9577565,2.147659,213.547089,133.348450,356.082184
4216_27287,ASCUS,0.935952,ASCUS,0.9939235,512.260132,440.459625,604.663208,591.217468
47992_12695,ASCUS,0.983651,ASCUS,0.9794622,107.637619,107.896339,223.410172,269.947876
37656_24855,ASCUS,0.024234,ASCUS,0.98487455,424.269897,309.808350,608.000000,484.919556
37656_24855,ASCUS,0.961251,ASCUS,0.99827397,6.117882,202.251678,178.233643,399.711090
37656_24855,ASCUS,0.444351,ASCUS,0.998628,288.322815,454.767212,411.790588,596.826538
37656_24855,ASCUS,0.564396,LSIL,0.61470574,297.328369,81.548584,466.612854,199.979553
32184_12087,ASCUS,0.180806,ASCUS,0.99802077,291.429016,7.640755,494.886780,201.814636
32184_12087,ASCUS,0.111457,ASCUS,0.99998057,469.119415,141.432465,582.092896,299.818268
44952_33367,ASCUS,0.061634,ASCUS,0.88686764,2.155506,388.808716,88.678467,564.031128
10296_35799,ASCUS,0.161634,ASCUS,0.999841,9.031715,414.003967,160.511139,556.903625
52248_21207,ASCUS,0.399716,ASCUS,0.99997497,496.112274,367.271271,565.687256,475.497223
48600_16951,ASCUS,0.310710,ASCUS,1.0,28.073624,114.547897,396.963013,481.436279
48600_16951,ASCUS,0.061221,ASCUS,0.8782028,292.076233,1.592628,485.597351,105.535423
48600_34583,ASCUS,0.998796,ASCUS,0.9999777,1.000000,383.549835,314.230408,528.956543
33400_37623,ASCUS,0.992884,ASCUS,0.9999651,441.789001,8.659828,560.966736,163.657501
38264_32759,ASCUS,0.139671,ASCUS,0.9999988,312.364655,183.228912,471.721466,445.309784
38264_32759,ASCUS,0.720378,ASCUS,0.99407613,246.321884,274.151398,357.517242,409.332184
46776_29111,ASCUS,0.901901,ASCUS,0.9996619,207.571518,140.880295,327.249573,258.600159
27928_13303,ASCUS,0.935798,ASCUS,0.7489394,74.652435,261.543823,221.610168,419.237671
18200_27287,ASCUS,0.013063,ASCUS,0.9795854,215.837158,78.025162,447.454590,453.117859
45560_46135,ASCUS,0.563941,ASCUS,0.9953023,218.684174,269.967316,316.949432,427.893524
45560_46135,ASCUS,0.675942,ASCUS,0.995719,290.130341,272.355652,472.646393,424.301331
15768_29719,ASCUS,0.936630,ASCUS,0.9995602,219.260864,310.225403,429.988098,401.900513
41304_18775,ASCUS,0.893822,ASCUS,0.99922204,420.853546,112.421066,567.667358,186.918961
41304_18775,ASCUS,0.572230,ASCUS,0.82458866,388.212982,179.459976,471.725372,343.655457
41304_18775,ASCUS,0.532225,ASCUS,0.9952493,16.272316,146.375000,216.715057,296.246948
41304_18775,ASCUS,0.076264,ASCUS,0.9833907,435.796875,216.216644,566.084229,335.318329
14552_12695,ASCUS,0.685279,ASCUS,0.99938416,290.745758,386.988037,486.710968,536.060974
20632_30935,ASCUS,0.963857,ASCUS,0.99682033,399.835571,237.981598,602.820740,411.774200
20632_30935,ASCUS,0.887884,ASCUS,0.7649588,389.133667,369.976379,498.161255,535.341125
17592_43703,ASCUS,0.931454,ASCUS,0.99961615,422.566437,99.398224,562.202515,293.176025
17592_43703,ASCUS,0.008968,ASCUS,0.6509543,43.430305,371.779724,239.416870,502.347656
37048_41879,ASCUS,0.999454,ASCUS,0.9975637,40.611916,298.320648,190.880371,492.807281
37048_41879,ASCUS,0.057853,ASCUS,0.99820626,238.787338,1.000000,485.740051,213.269806
35832_20599,ASCUS,0.138178,ASCUS,0.9971957,48.902420,149.514099,137.096146,322.925781
46776_46743,ASCUS,0.273485,ASCUS,0.999522,76.520531,410.653351,169.237488,590.947021
29752_43703,ASCUS,0.051989,ASCUS,0.7570496,123.953629,18.771255,271.268066,183.604019
29752_43703,ASCUS,0.159344,ASCUS,0.9999881,1.000000,332.975616,122.293060,492.962433
29752_43703,ASCUS,0.152559,ASCUS,0.9997675,475.085175,281.686829,604.259277,383.242493
27928_34583,ASCUS,0.097962,ASCUS,0.98513097,541.007141,428.584412,608.000000,590.759094
41912_24855,ASCUS,0.422935,ASCUS,0.81927544,212.580841,306.059509,390.995087,391.823608
13944_23031,ASCUS,0.010353,ASCUS,0.9999845,388.230652,426.407867,534.319092,608.000000
46168_14519,ASCUS,0.996074,ASCUS,0.9997305,1.684090,189.670425,152.111572,363.593750
17592_15127,ASCUS,0.453593,ASCUS,0.9994172,275.461761,10.669239,518.775574,109.913620
17592_15127,ASCUS,0.299660,ASCUS,0.55914885,221.271942,27.975060,332.647491,142.693909
17592_15127,ASCUS,0.122771,ASCUS,0.6042877,32.300911,1.568253,218.072876,119.549255
17592_51607,ASCUS,0.162374,ASCUS,0.9903875,281.923645,112.449493,408.166443,485.810150
15160_24247,ASCUS,0.924949,ASCUS,0.99999344,369.466034,332.977417,489.547760,491.031677
15160_24247,ASCUS,0.946164,ASCUS,0.6788774,83.726486,411.275879,244.920151,558.601318
27320_47959,ASCUS,0.990625,ASCUS,0.99993,245.597565,91.752762,469.721039,375.022583
37656_41271,ASCUS,0.984571,ASCUS,0.998808,384.537537,6.180748,489.052185,164.735199
37656_41271,ASCUS,0.919934,ASCUS,0.999879,310.871979,5.620037,419.981659,132.024185
44952_12695,ASCUS,0.988432,ASCUS,0.9999908,346.428528,380.556519,449.073853,506.041809
26712_49175,ASCUS,0.331621,ASCUS,0.9997427,1.000000,379.708130,90.490967,526.204773
26712_49175,ASCUS,0.310104,ASCUS,0.886665,150.361877,34.974426,291.638062,104.961929
26712_49175,ASCUS,0.065145,ASCUS,0.99947244,329.181030,453.962402,480.252014,608.000000
27928_16343,ASCUS,0.846167,ASCUS,0.9923145,4.190834,181.076248,167.337708,476.515930
27928_16343,ASCUS,0.997551,ASCUS,0.999979,256.754578,225.619873,472.326172,362.547791
47992_32151,ASCUS,0.156744,ASCUS,0.9988386,157.126846,395.299774,315.028809,493.218964
44344_19991,ASCUS,0.012574,ASCUS,0.96168655,470.344849,48.240555,608.000000,217.009171
44344_19991,ASCUS,0.992915,LSIL,1.0,41.551285,87.808273,295.027283,478.275574
33400_50391,ASCUS,0.644416,ASCUS,0.796657,421.966553,103.152893,596.137756,227.953064
24280_19383,ASCUS,0.997999,ASCUS,0.99669373,363.293182,155.503357,442.668732,333.375854
32184_13303,ASCUS,0.951288,ASCUS,0.99984753,236.927750,208.792603,351.496674,314.495667
51032_40055,ASCUS,0.436416,ASCUS,0.9999635,262.520966,333.906097,387.349823,458.978912
51032_40055,ASCUS,0.217298,ASCUS,0.9535152,86.122398,99.587578,242.891815,246.421997
45560_30327,ASCUS,0.924708,ASCUS,0.9999987,182.193939,331.159058,496.148834,598.865479
8472_37015,ASCUS,0.231341,ASCUS,0.9912124,273.810608,387.357819,388.653259,550.641724
49208_23639,ASCUS,0.702276,ASCUS,0.999984,405.042694,69.251663,607.872681,367.919250
49208_23639,ASCUS,0.983971,ASCUS,0.9999113,234.602386,121.910858,453.767120,437.889008
13944_35191,ASCUS,0.966364,ASCUS,0.9711821,194.425705,192.464539,343.472961,378.893372
33400_44919,ASCUS,0.053972,ASCUS,0.99645835,295.545105,62.442101,385.240540,216.080627
40696_16343,ASCUS,0.981795,ASCUS,0.99930024,292.186462,218.262787,467.514832,467.382660
37048_10871,ASCUS,0.788872,ASCUS,0.99999356,242.887329,131.161865,342.823730,201.115479
37048_10871,ASCUS,0.481641,ASCUS,0.9822662,68.709160,455.792236,182.781982,575.939331
34008_18167,ASCUS,0.008336,ASCUS,0.9994,400.450134,324.692627,608.000000,554.701416
51032_30327,ASCUS,0.973861,ASCUS,0.99992156,86.325302,265.227783,384.490906,519.780151
51032_30327,ASCUS,0.966208,ASCUS,0.99999034,449.552551,471.071991,552.161377,608.000000
51032_30327,ASCUS,0.860054,ASCUS,0.9983499,268.053253,57.552425,354.466217,163.052002
29752_8439,ASCUS,0.242572,ASCUS,0.97859806,469.021667,245.371384,599.684143,511.112976
4216_23031,ASCUS,0.846272,ASCUS,0.9395179,95.847656,379.816833,278.209442,596.723389
15160_33975,ASCUS,0.152068,ASCUS,0.9999504,487.663635,59.561432,608.000000,191.212051
37048_43703,ASCUS,0.301449,ASCUS,0.9825419,49.473507,487.939819,103.191589,594.568726
29144_51607,ASCUS,0.299186,ASCUS,0.9997067,503.597565,237.168762,608.000000,366.457703
17592_30327,ASCUS,0.992389,ASCUS,0.99998367,433.736420,170.012177,601.777100,270.018219
17592_30327,ASCUS,0.873332,ASCUS,0.9979165,5.896603,455.550018,115.700226,580.602905
16376_16343,ASCUS,0.796957,ASCUS,0.86309576,420.500488,10.132111,596.828552,175.678192
16376_16343,ASCUS,0.133761,ASCUS,0.87427545,414.145264,124.383713,507.946960,237.085739
10904_38839,ASCUS,0.861355,ASCUS,0.8910336,435.485443,28.924240,600.491028,202.883713
10904_38839,ASCUS,0.333479,ASCUS,0.99383533,427.358154,148.807404,528.564453,293.684387
10904_38839,ASCUS,0.055476,ASCUS,0.95503575,424.235474,246.943542,546.921753,370.668945
41912_19383,LSIL,0.022352,HSIL,0.9886558,324.019745,150.401016,530.300354,353.976440
21848_38839,ASCUS,0.150751,ASCUS,0.96291816,75.105743,381.215668,287.464996,538.693604
21848_38839,ASCUS,0.193895,ASCUS,0.6132271,43.130775,502.196289,270.855469,608.000000
45560_14519,ASCUS,0.114649,ASCUS,0.9951822,518.133301,18.886135,596.511353,101.359406
27928_19991,ASCUS,0.099347,ASCUS,0.5256245,310.450897,188.129822,386.474091,268.657471
27928_19991,ASCUS,0.985745,ASCUS,0.99649906,307.640137,64.899673,453.690491,217.670700
48600_21815,ASCUS,0.985883,ASCUS,0.99492514,118.962646,469.317230,210.405701,562.762268
48600_21815,ASCUS,0.294096,ASCUS,0.9748574,55.836372,423.166962,160.535217,529.636230
15160_15127,ASCUS,0.403607,ASCUS,0.99796534,1.000000,47.982208,388.331360,304.665802
39480_33367,ASCUS,0.357650,ASCUS,0.99977595,327.401978,473.155365,413.999268,590.706421
39480_33367,ASCUS,0.829697,ASCUS,0.99764496,444.228821,326.587646,589.208801,483.931946
39480_33367,ASCUS,0.942208,ASCUS,0.9869294,399.560028,283.508606,505.502045,446.805054
39480_33367,ASCUS,0.014008,ASCUS,0.99997604,534.394836,466.117676,579.891174,518.640991
39480_33367,ASCUS,0.997504,ASCUS,0.99926966,378.933899,441.583008,495.736023,544.538391
39480_33367,ASCUS,0.523194,ASCUS,0.99999976,212.283417,62.153618,324.868988,173.088257
39480_33367,ASCUS,0.332126,ASCUS,0.9748883,464.834198,1.000000,608.000000,318.941742
20024_20599,ASCUS,0.713810,ASCUS,0.99978167,1.403351,205.042679,200.684814,349.252747
20024_20599,ASCUS,0.253129,ASCUS,0.9996197,265.790161,337.177246,418.436279,410.242981
20024_20599,ASCUS,0.075825,ASCUS,0.98857695,158.957001,242.377579,299.936554,391.771057
52856_27287,ASCUS,0.984574,ASCUS,0.9889894,283.529510,122.262238,383.700714,301.968445
10904_43095,ASCUS,0.257600,ASCUS,0.9999343,262.418884,106.854416,369.245972,223.527298
10904_43095,ASCUS,0.895700,ASCUS,0.99795794,233.508682,295.753143,520.917419,495.305328
35832_41879,ASCUS,0.019239,ASCUS,0.9831441,197.317535,407.131073,324.278412,527.852661
35832_41879,ASCUS,0.985272,ASCUS,0.9782673,178.480713,312.833862,357.794739,417.397949
35832_41879,ASCUS,0.304750,ASCUS,0.99577844,10.218475,249.739868,191.373993,401.211609
24280_50999,ASCUS,0.519239,ASCUS,0.9999999,206.169952,347.816650,484.132050,596.575012
24280_50999,ASCUS,0.167965,ASCUS,0.68900037,113.373932,2.082077,360.486145,104.086655
16984_10263,LSIL,0.935068,LSIL,0.9945281,296.734894,1.000000,429.433319,213.840881
22456_41271,ASCUS,0.928800,ASCUS,0.8851651,414.785248,166.891739,536.125000,305.013000
22456_41271,ASCUS,0.250606,ASCUS,0.9979724,1.790913,237.044357,120.106171,365.735352
27928_37623,ASCUS,0.923055,ASCUS,0.9967434,206.659775,339.453949,456.501099,581.632202
22456_42487,ASCUS,0.095945,ASCUS,0.9479793,372.665039,374.521484,568.388916,598.877136
33400_27895,ASCUS,0.556041,ASCUS,0.7426417,233.531281,274.942017,401.637665,425.725708
27928_35799,ASCUS,0.225515,ASCUS,0.9963238,431.843262,393.396576,608.000000,608.000000
27928_35799,ASCUS,0.979872,ASCUS,0.99991107,209.080505,66.424126,413.143677,303.224609
9080_21815,ASCUS,0.555738,ASCUS,0.98886603,46.298031,348.334137,154.705643,525.071228
41912_43095,ASCUS,0.628556,ASCUS,0.9974044,10.535004,447.471039,224.190704,569.847717
41912_43095,ASCUS,0.963605,ASCUS,0.9975495,54.740143,8.988647,247.004913,424.162842
41912_43095,ASCUS,0.159015,ASCUS,0.9113751,275.260345,321.964172,470.290009,472.568298
41912_43095,ASCUS,0.290635,ASCUS,0.9767121,432.594086,255.663651,584.055298,411.026733
32184_43095,ASCUS,0.555022,ASCUS,0.5307653,306.606628,330.697937,520.071899,477.807861
32184_43095,ASCUS,0.050129,ASCUS,0.6477997,417.453156,232.054581,583.335815,336.622833
32184_43095,ASCUS,0.801782,ASCUS,0.99997246,4.413681,102.027740,115.794121,213.143616
32184_43095,LSIL,0.495184,LSIL,0.77884245,275.935547,304.437805,545.751404,484.128113
11512_43095,ASCUS,0.095987,ASCUS,0.99703836,150.620636,10.261230,307.115021,159.762466
46776_37015,ASCUS,0.627263,ASCUS,0.9986784,61.835838,349.773163,237.639954,492.688995
46776_37015,ASCUS,0.963007,ASCUS,0.99994624,170.092896,221.323242,334.869324,381.066772
15160_47351,ASCUS,0.974270,ASCUS,0.9999988,109.275223,309.180023,297.903137,544.521851
39480_18167,ASCUS,0.013974,ASCUS,0.9304529,132.791077,481.331024,276.189178,571.373840
36440_41879,ASCUS,0.516901,ASCUS,0.99538356,267.894104,441.612396,513.944214,568.599976
9080_35799,ASCUS,0.872800,ASCUS,0.9998062,41.078911,344.420898,225.701599,572.711609
9080_35799,ASCUS,0.090590,ASCUS,0.99514943,470.532593,1.000000,566.559692,157.908661
35832_26679,ASCUS,0.848449,ASCUS,0.9989266,96.319344,120.716187,335.424561,536.556946
18200_19383,ASCUS,0.382863,ASCUS,0.97440773,51.577538,377.043488,261.414398,544.795288
40088_22423,ASCUS,0.333425,ASCUS,0.99996626,288.542969,4.602539,408.070923,134.658310
40088_22423,ASCUS,0.824519,ASCUS,0.9957711,1.000000,130.124405,213.634979,395.498718
40088_22423,ASCUS,0.083644,ASCUS,0.9988048,278.994202,504.488556,416.294617,606.403259
36440_9047,ASCUS,0.653621,ASCUS,0.9737708,286.687317,208.750687,495.161804,415.730469
38264_37623,ASCUS,0.504589,ASCUS,0.992034,250.882889,10.151443,437.170654,264.592590
33400_19383,ASCUS,0.998743,ASCUS,0.99902296,209.302155,101.564209,329.737335,210.989685
33400_19383,ASCUS,0.260562,ASCUS,0.9990761,201.159256,215.556274,275.331848,275.045990
33400_19383,ASCUS,0.179513,ASCUS,0.9929067,539.504272,176.728958,607.952271,265.381470
33400_19383,ASCUS,0.050008,ASCUS,0.9926757,255.089645,165.042938,333.934998,243.374603
42520_47959,ASCUS,0.592549,ASCUS,0.9559007,1.000000,180.469147,116.231735,474.445038
42520_47959,ASCUS,0.902222,ASCUS,0.99993885,400.854889,103.578964,551.452209,210.869278
13336_38231,ASCUS,0.814106,ASCUS,0.9845168,400.255096,251.135162,586.343079,431.025421
14552_24855,ASCUS,0.736606,ASCUS,0.9993636,406.276886,212.681152,580.502808,389.024597
14552_24855,ASCUS,0.923952,ASCUS,0.9993967,312.075043,15.462742,547.151245,108.415970
14552_24855,ASCUS,0.997488,ASCUS,0.9991129,121.434509,278.107880,302.547913,450.418976
41304_21815,ASCUS,0.985274,ASCUS,0.9987161,23.581264,327.784851,99.438248,497.195557
7256_41271,ASCUS,0.293248,ASCUS,0.9172476,359.544861,173.428528,499.504028,347.595093
29752_12695,ASCUS,0.762399,ASCUS,0.9987245,423.938354,510.818787,510.542236,603.180115
29752_12695,ASCUS,0.162201,ASCUS,0.88885695,154.811829,18.166489,302.728088,200.059769
26104_46135,ASCUS,0.542012,ASCUS,0.9999615,348.114044,299.821075,541.761353,446.133270
26104_46135,ASCUS,0.962852,ASCUS,0.98061323,386.524872,223.387054,551.010010,364.515167
34008_35799,ASCUS,0.741828,ASCUS,0.92352015,301.610229,194.436188,515.229065,427.584625
34008_35799,ASCUS,0.068625,ASCUS,0.9991333,150.886765,1.000000,291.955505,92.869675
20632_32759,ASCUS,0.926356,ASCUS,0.9861989,368.118439,187.700439,606.895752,531.816895
27928_23031,ASCUS,0.006602,ASCUS,0.99149334,411.710938,219.590668,510.600403,365.503143
15768_43095,ASCUS,0.059809,ASCUS,0.6826403,311.947510,29.334061,451.536560,187.427353
15768_43095,ASCUS,0.088156,ASCUS,0.9997243,56.558723,38.248856,209.247559,180.685867
24280_8439,ASCUS,0.988358,ASCUS,0.999992,310.924072,381.773773,450.921814,493.665192
46776_24855,ASCUS,0.185139,ASCUS,0.9289601,198.464600,321.158203,355.835999,489.982178
46776_24855,ASCUS,0.065335,ASCUS,0.97312367,1.000000,467.921143,125.130257,597.168457
44344_29719,ASCUS,0.958452,ASCUS,0.8767785,215.575989,4.867981,505.671021,198.397308
36440_14519,ASCUS,0.008305,LSIL,0.57747996,12.463158,214.189697,156.947662,476.578613
34616_48567,ASCUS,0.283808,ASCUS,0.99996865,339.505188,14.948799,604.370544,194.107330
38264_35799,ASCUS,0.842609,ASCUS,0.9930963,305.957367,201.745499,440.195404,318.910858
21848_47351,ASCUS,0.975577,ASCUS,0.9982665,441.595245,433.550842,590.608521,536.609863
21848_47351,ASCUS,0.392545,ASCUS,0.99937063,515.535706,275.897125,596.422668,453.816071
31576_30327,ASCUS,0.568101,ASCUS,0.99848974,324.366425,379.942749,421.718536,491.673401
31576_30327,ASCUS,0.965624,ASCUS,0.9576044,251.727676,356.293152,365.882141,469.326599
31576_30327,ASCUS,0.681123,ASCUS,0.99994445,109.926003,342.140442,252.351227,452.465698
20632_10871,ASCUS,0.249953,ASCUS,0.9998652,155.650162,9.191978,403.590393,234.642944
49816_30327,ASCUS,0.012029,ASCUS,0.99986887,231.935638,78.509644,433.442841,235.372681
25496_43095,ASCUS,0.533553,ASCUS,0.99998415,407.590698,202.815308,532.984009,283.932434
38264_26679,ASCUS,0.065775,ASCUS,0.9997532,265.527222,20.259258,463.834167,133.857590
38264_26679,ASCUS,0.009952,ASCUS,0.999094,11.400726,520.934937,174.525940,608.000000
41304_26679,ASCUS,0.997534,ASCUS,0.9973768,177.658600,89.137871,295.444489,225.055878
23672_29719,ASCUS,0.144555,ASCUS,0.9921233,434.522827,444.084290,608.000000,590.555115
52248_32759,ASCUS,0.934697,ASCUS,0.9995881,306.960083,289.289551,476.754272,559.005066
52248_32759,ASCUS,0.243977,ASCUS,0.9026872,271.607910,476.621765,458.113892,605.400940
10296_29111,ASCUS,0.948144,ASCUS,0.43305165,38.121368,109.817070,299.363495,322.353973
10296_29111,ASCUS,0.855937,ASCUS,0.9664049,352.770416,386.516815,539.014160,518.382080
10296_29111,ASCUS,0.241384,ASCUS,0.99895597,2.708927,487.449036,87.050003,608.000000
33400_21207,ASCUS,0.764385,ASCUS,0.99080616,6.055542,56.211563,207.232315,312.577576
37656_29719,ASCUS,0.999732,ASCUS,0.99993134,96.650978,87.662979,230.785645,286.150208
37656_29719,ASCUS,0.128431,ASCUS,0.9998661,348.412537,49.874569,432.436462,167.540482
46168_46135,ASCUS,0.100333,ASCUS,0.99891555,2.011681,69.358414,183.626129,228.815506
46168_46135,ASCUS,0.026385,LSIL,0.9952272,1.000000,307.300232,72.254166,502.638245
5432_25463,ASCUS,0.476498,ASCUS,0.99987507,145.696426,29.309006,266.784790,175.207306
27320_17559,ASCUS,0.068848,ASCUS,0.99743724,268.423248,13.022667,485.257965,261.632172
27320_17559,ASCUS,0.093107,ASCUS,0.99905187,369.366058,250.661392,504.904510,370.424103
40088_9655,ASCUS,0.377272,ASCUS,0.9589079,161.133133,282.933350,433.180359,499.742676
43736_11479,ASCUS,0.981138,ASCUS,0.99945694,2.610222,404.080231,132.408508,581.622803
46776_40055,ASCUS,0.964176,ASCUS,0.9517625,263.195312,331.291748,552.189880,608.000000
46776_40055,ASCUS,0.251824,ASCUS,0.9921678,347.878052,11.757744,596.002563,197.883850
46776_40055,ASCUS,0.058469,ASCUS,0.99993443,496.981323,369.643677,605.951904,608.000000
30360_25463,ASCUS,0.161593,ASCUS,0.9991296,446.900177,438.445648,586.892822,548.794495
32184_38839,ASCUS,0.121196,ASCUS,0.933169,445.665710,4.757624,489.784912,52.021721
32184_38839,ASCUS,0.071709,ASCUS,0.96927077,492.227753,456.937531,606.542236,593.454407
49208_22423,ASCUS,0.591805,ASCUS,0.73500496,393.102234,8.190544,608.000000,263.809937
49208_22423,ASCUS,0.935842,ASCUS,0.9314528,154.572403,232.179810,337.585022,384.921265
9080_27287,ASCUS,0.989701,ASCUS,0.99919456,1.000000,254.946411,249.529175,608.000000
9080_27287,ASCUS,0.800103,ASCUS,0.9990345,3.837410,24.998161,237.486053,188.634186
27928_6615,ASCUS,0.996671,ASCUS,0.9995254,463.892365,364.805634,569.111694,539.698914
35832_18167,ASCUS,0.967741,ASCUS,0.9936434,167.388901,506.561707,322.311096,577.456848
35832_18167,ASCUS,0.509033,ASCUS,0.76898295,10.411209,65.900238,197.224823,335.949463
32184_24247,ASCUS,0.017765,ASCUS,0.93427587,164.467117,290.420258,340.882935,456.370575
7864_38839,LSIL,0.776709,LSIL,0.998546,326.423401,19.773804,608.000000,486.104126
21848_39447,ASCUS,0.103357,ASCUS,0.9915754,514.621155,518.301941,601.372864,594.687927
21848_39447,ASCUS,0.955489,ASCUS,0.999969,166.738007,168.890900,271.923340,318.504150
21848_39447,ASCUS,0.054812,ASCUS,0.97209454,354.189514,403.874756,474.625671,538.287720
43736_15127,ASCUS,0.886580,ASCUS,0.9977908,322.136475,267.283203,453.488220,380.782593
43736_15127,ASCUS,0.120895,ASCUS,0.5878127,9.701965,398.062195,175.494324,557.128479
49208_43703,ASCUS,0.141492,ASCUS,0.74718404,156.442200,9.358860,284.869812,81.133713
17592_21207,ASCUS,0.885375,ASCUS,0.9954672,13.009987,309.955994,173.460480,483.977295
17592_21207,ASCUS,0.103954,ASCUS,0.9967861,342.625305,301.873840,449.242737,445.395813
17592_21207,ASCUS,0.087740,ASCUS,0.9984421,213.783829,87.651001,327.907349,228.272522
44344_43703,ASCUS,0.039042,ASCUS,0.99998415,303.386169,1.000000,506.925171,124.902702
29752_47351,ASCUS,0.864500,ASCUS,0.99845076,138.281891,457.166138,319.345673,607.694946
35224_29719,ASCUS,0.146643,ASCUS,0.9764216,231.436523,75.157516,418.515320,222.168472
35224_29719,ASCUS,0.677337,ASCUS,0.8415963,263.258789,445.173035,482.297913,587.755188
29144_10263,ASCUS,0.997545,ASCUS,0.9958443,88.359001,245.513565,226.210632,337.779175
29144_10263,ASCUS,0.966909,ASCUS,0.9327496,364.933350,254.135284,606.307495,361.044037
29144_10263,ASCUS,0.689797,ASCUS,0.9855376,218.620331,265.820831,319.523285,319.336151
38264_12695,ASCUS,0.910267,ASCUS,0.9981408,397.037537,129.645126,605.553101,362.865417
38264_12695,ASCUS,0.596518,ASCUS,0.98815185,225.993683,17.872765,342.015167,185.336365
38264_12695,ASCUS,0.445953,ASCUS,0.9968924,162.112183,172.225784,328.080383,350.071228
30968_21207,ASCUS,0.263184,ASCUS,0.9997713,112.634811,83.493607,234.628311,185.116531
34616_21815,ASCUS,0.061469,ASCUS,0.98664236,1.000000,442.358215,108.601227,561.014954
47992_16951,ASCUS,0.106358,ASCUS,0.9999677,179.701813,429.228424,325.493988,588.925964
28536_7831,ASCUS,0.126225,ASCUS,0.9973814,122.415955,312.394073,271.338745,465.338898
18808_13303,ASCUS,0.678975,ASCUS,0.9962154,11.365044,194.837250,191.061737,325.949677
18808_13303,ASCUS,0.091591,ASCUS,0.9824562,137.729645,540.355164,288.211945,608.000000
41304_50999,LSIL,0.138297,LSIL,0.8980554,268.142120,287.155731,380.054108,440.447601
18200_29111,ASCUS,0.317103,ASCUS,0.88620186,28.706619,122.490417,139.190430,287.540710
18200_29111,ASCUS,0.011964,ASCUS,0.76224345,488.502106,135.327942,547.474304,226.618652
32792_20599,ASCUS,0.987305,ASCUS,0.99995697,370.410889,93.169510,485.783508,206.400650
34616_5399,ASCUS,0.987384,ASCUS,0.7841877,85.385742,447.949677,309.756653,586.054993
19416_12087,ASCUS,0.939911,ASCUS,0.56714296,357.468506,237.183411,532.389954,365.158081
19416_12087,ASCUS,0.069615,ASCUS,0.47681788,3.321362,352.238068,85.379288,522.659546
40088_35191,ASCUS,0.981895,ASCUS,0.9814217,196.823578,72.565018,345.632416,269.845520
24888_17559,ASCUS,0.897560,ASCUS,0.9895229,407.671387,388.328918,529.470154,519.303101
24888_17559,ASCUS,0.126270,ASCUS,0.99692035,186.081177,25.327003,275.277252,115.918816
46168_12695,ASCUS,0.881504,ASCUS,0.98389184,386.719238,255.900879,608.000000,458.180420
27320_15127,ASCUS,0.910865,ASCUS,0.9858601,454.622131,9.596504,608.000000,144.960571
27320_15127,ASCUS,0.126804,ASCUS,0.9965109,2.530922,283.829102,131.945038,416.458801
22456_16951,ASCUS,0.050623,ASCUS,0.53067946,345.314209,351.468048,479.914673,524.120361
29144_21815,ASCUS,0.228715,ASCUS,0.9999049,103.754784,341.457520,207.990997,453.815247
34008_50999,ASCUS,0.314080,ASCUS,0.99365693,65.122131,275.314514,338.846497,416.421265
18200_43095,ASCUS,0.163170,ASCUS,0.9494803,208.849396,443.495300,296.411255,524.273743
18200_43095,ASCUS,0.188558,ASCUS,0.9999728,80.841263,499.568268,216.480026,585.479919
18200_43095,ASCUS,0.917078,ASCUS,0.99998593,361.895844,189.903900,527.929321,271.757782
18200_43095,LSIL,0.315157,LSIL,0.7713582,201.425659,440.710602,303.136627,527.695251
43128_19991,ASCUS,0.305985,ASCUS,0.99454296,263.985352,305.211975,467.171631,425.695312
43128_19991,ASCUS,0.069427,ASCUS,0.9980227,522.168457,5.167526,608.000000,267.298340
29144_39447,ASCUS,0.597207,ASCUS,0.78053015,303.265869,70.657669,608.000000,363.975159
29144_39447,ASCUS,0.975326,ASCUS,0.99700874,59.803909,403.783051,240.071091,582.602722
29144_39447,ASCUS,0.229666,ASCUS,0.67658275,264.257629,155.178177,448.174438,302.429321
42520_30327,ASCUS,0.979870,ASCUS,0.98063964,257.408875,355.637299,423.444458,487.122711
34008_52823,ASCUS,0.649214,ASCUS,0.99571604,11.084648,468.585083,189.581207,608.000000
28536_5399,ASCUS,0.056254,ASCUS,0.57458055,2.082943,6.792442,55.319126,180.177704
41912_22423,ASCUS,0.581543,ASCUS,0.9831467,348.326141,424.400452,539.926880,590.949646
35832_40663,ASCUS,0.073618,ASCUS,0.9991937,18.608131,1.000000,155.074615,240.262238
13336_11479,ASCUS,0.036686,ASCUS,0.99997973,190.626648,248.812424,269.275635,367.017456
23672_36407,ASCUS,0.225678,ASCUS,0.9649053,129.577759,276.964966,334.472931,486.664429
51032_41271,ASCUS,0.064205,ASCUS,0.5526816,268.831116,32.776482,427.581055,183.491486
30968_12087,ASCUS,0.008294,ASCUS,0.7187279,162.617798,59.233612,374.155334,273.701996
30968_12087,ASCUS,0.208537,ASCUS,0.90791863,280.579102,240.487183,481.008301,393.747498
24280_23031,ASCUS,0.713280,ASCUS,0.99830425,342.508911,265.927612,544.639893,508.432007
24280_23031,ASCUS,0.282387,ASCUS,0.9966233,78.053078,134.904404,270.456848,388.492249
18200_47959,ASCUS,0.918592,ASCUS,0.9999927,185.156403,462.026001,317.126556,605.117920
26712_38231,ASCUS,0.548339,ASCUS,0.54151714,6.680305,20.088272,146.614441,197.547928
26712_38231,ASCUS,0.076952,ASCUS,0.99739385,21.142548,146.476929,197.645294,264.729553
26712_38231,ASCUS,0.063433,ASCUS,0.99998295,427.964752,419.041321,540.619385,516.263428
31576_43703,ASCUS,0.412351,ASCUS,0.99987423,334.110901,32.397057,493.136230,171.588318
7864_24855,ASCUS,0.099487,ASCUS,0.990747,165.565948,495.303284,278.643158,597.981506
7864_24855,ASCUS,0.229336,ASCUS,0.99833184,168.758850,101.069458,352.501709,245.594604
33400_35191,ASCUS,0.820470,ASCUS,0.9999864,91.243546,123.050301,371.797119,370.822449
15768_22423,ASCUS,0.848586,ASCUS,0.95883316,482.405731,241.313034,599.968079,391.308105
15768_22423,ASCUS,0.149803,ASCUS,0.95274746,515.193726,296.211975,608.000000,402.674683
15768_22423,ASCUS,0.987065,ASCUS,1.0,145.482452,266.026459,267.297211,401.648407
30360_47351,ASCUS,0.187602,ASCUS,0.99938,434.320404,504.493103,608.000000,608.000000
29144_23639,ASCUS,0.911361,ASCUS,0.6250192,104.635246,234.272964,335.029694,481.155945
32184_18167,ASCUS,0.488453,ASCUS,0.99987626,69.268661,102.089584,196.051743,210.649948
32184_18167,ASCUS,0.996642,ASCUS,0.9921441,327.453186,97.117584,608.000000,431.626984
32792_39447,ASCUS,0.655255,ASCUS,0.99609727,335.086182,373.129852,427.331421,483.294891
11512_27895,ASCUS,0.763332,ASCUS,0.98939335,165.586868,211.335144,341.374084,358.704529
47992_13911,ASCUS,0.451629,ASCUS,0.5188102,169.741684,135.137695,337.510925,289.253845
47992_13911,ASCUS,0.061647,ASCUS,0.9159333,476.905457,296.745728,590.397400,450.384888
43128_18167,ASCUS,0.951629,ASCUS,0.9995912,457.141754,412.454987,589.623169,608.000000
43128_18167,ASCUS,0.944415,ASCUS,0.7243738,404.654938,90.471565,532.477905,255.438049
43128_18167,ASCUS,0.356282,ASCUS,0.9999869,465.011475,303.775696,602.330933,426.142883
44344_21815,ASCUS,0.621180,ASCUS,0.9937795,289.152527,376.177826,555.852478,543.739441
44344_21815,ASCUS,0.539547,ASCUS,0.9989071,18.806881,113.383453,103.346466,230.825073
37048_51607,ASCUS,0.018914,ASCUS,0.9613644,148.903625,271.246094,309.617371,518.208984
46168_13303,ASCUS,0.981091,ASCUS,0.9981388,360.443054,239.695267,531.587158,425.108826
46168_13303,ASCUS,0.993004,ASCUS,0.9997178,74.751999,351.435089,159.773422,554.343018
39480_48567,ASCUS,0.118975,ASCUS,0.9810986,332.904907,108.419846,478.515747,270.335266
46168_41879,ASCUS,0.126421,ASCUS,0.99617225,430.271240,57.516365,588.176270,241.071350
46168_41879,ASCUS,0.417051,ASCUS,0.8265649,279.333008,235.276413,413.616638,454.356384
30968_27895,ASCUS,0.993250,ASCUS,0.99934846,388.361542,262.676941,579.790710,465.920654
9080_42487,ASCUS,0.118328,ASCUS,0.98717684,161.814423,464.533569,260.310822,601.935913
9080_42487,ASCUS,0.988790,ASCUS,0.9999083,190.135559,135.108109,302.847748,256.012512
27928_39447,ASCUS,0.225841,ASCUS,0.76122487,287.233734,59.277504,472.125580,276.891998
33400_7223,ASCUS,0.240235,ASCUS,0.92851895,5.154972,112.932823,116.382919,250.800079
33400_7223,ASCUS,0.102684,ASCUS,0.80644983,115.672745,207.486664,179.178146,266.462128
10904_36407,ASCUS,0.409582,ASCUS,0.9801236,158.286560,99.517525,319.917328,275.531586
32184_29111,ASCUS,0.039933,ASCUS,0.99999213,61.736835,242.399963,142.850510,326.009094
44952_36407,ASCUS,0.006038,ASCUS,0.9993705,1.000000,568.122803,57.448372,608.000000
44952_36407,ASCUS,0.954483,ASCUS,0.9788785,301.046387,310.956482,575.850037,532.738953
20632_9047,ASCUS,0.981349,ASCUS,0.9999707,309.641907,504.228729,436.207947,574.806519
31576_50391,ASCUS,0.637506,ASCUS,0.9985079,76.901001,348.959869,269.022034,511.372589
31576_50391,ASCUS,0.072114,ASCUS,0.99999964,466.269775,142.905243,583.062622,249.695679
37656_40055,ASCUS,0.219878,ASCUS,0.59926146,403.959045,201.870865,531.957581,400.235718
22456_6615,ASCUS,0.999812,ASCUS,0.9998969,429.478516,204.519684,585.828247,366.930023
22456_6615,ASCUS,0.094570,ASCUS,0.9834342,176.458557,171.262650,376.703735,302.367798
37656_16951,ASCUS,0.053730,ASCUS,0.9852249,397.363098,486.626770,571.295227,608.000000
29752_45527,ASCUS,0.019606,ASCUS,0.9891992,433.641083,148.269867,534.965027,308.657593
29752_45527,ASCUS,0.164088,LSIL,0.8445653,449.757141,504.549408,585.071594,578.425476
22456_32759,ASCUS,0.710463,ASCUS,0.95422465,234.140060,487.942139,366.965820,608.000000
23672_19383,ASCUS,0.726556,ASCUS,0.996671,518.827209,42.615646,608.000000,173.992706
23672_19383,ASCUS,0.619101,ASCUS,0.9999393,1.000000,261.445038,71.345818,356.246246
28536_50999,ASCUS,0.963615,ASCUS,0.9988217,345.095795,109.336525,443.758698,254.346558
28536_50999,ASCUS,0.542989,ASCUS,0.96411276,41.203869,459.844574,144.055557,590.294312
29752_39447,ASCUS,0.116437,ASCUS,0.694508,246.449951,242.386856,438.319519,514.640747
29752_41879,ASCUS,0.392316,ASCUS,0.9992772,112.649643,277.443939,216.960190,406.870392
40088_38231,ASCUS,0.891336,ASCUS,0.9999522,358.109985,61.530472,449.557068,174.043747
40088_38231,ASCUS,0.307288,ASCUS,0.9667977,102.452354,435.920532,307.485138,581.031616
32184_24855,ASCUS,0.990864,ASCUS,0.9997968,205.413498,158.731125,608.000000,450.747375
32184_24855,ASCUS,0.557868,ASCUS,0.99060565,1.000000,141.867218,125.387329,285.148651
46776_24247,ASCUS,0.016608,ASCUS,0.9999628,1.000000,205.890930,129.729431,332.711121
46776_24247,ASCUS,0.964417,ASCUS,0.99810153,313.882874,328.598053,464.081970,432.576385
16376_46135,ASCUS,0.841909,ASCUS,0.6867936,368.532898,160.170685,571.539185,310.333771
16376_46135,ASCUS,0.819001,ASCUS,0.9990658,109.694397,300.573822,317.030945,426.864471
17592_34583,ASCUS,0.997605,ASCUS,0.97859585,292.049713,150.752472,434.643768,339.508453
37656_7223,ASCUS,0.852825,ASCUS,0.9576594,310.195831,32.570297,451.469818,235.387833
30968_19383,ASCUS,0.976702,ASCUS,0.9998348,371.859741,63.292099,607.203796,402.789001
30968_19383,ASCUS,0.368505,ASCUS,0.6990517,316.317657,388.255249,470.731415,608.000000
42520_28503,ASCUS,0.058983,ASCUS,0.5202157,54.465584,320.505981,211.980621,567.379944
42520_28503,ASCUS,0.053970,ASCUS,0.9437166,484.131134,24.939667,596.026489,314.462982
26712_34583,LSIL,0.062313,LSIL,0.57982945,157.744797,475.661407,314.715027,606.081543
51640_27287,ASCUS,0.006951,ASCUS,0.95625705,36.487564,425.974670,365.388184,608.000000
32792_48567,ASCUS,0.980536,ASCUS,0.9999161,7.804367,95.399284,143.307724,281.418030
32792_48567,ASCUS,0.935940,ASCUS,0.80137384,235.556259,428.798248,398.097717,573.270813
6648_35191,ASCUS,0.992948,ASCUS,0.60786915,432.691589,36.257072,586.196350,181.473419
40088_41879,ASCUS,0.998839,ASCUS,0.9998462,4.113449,301.534790,200.503067,492.081909
47384_28503,ASCUS,0.814426,ASCUS,0.99813986,326.469360,371.540802,465.429260,536.064148
10296_27895,ASCUS,0.067139,ASCUS,0.8554291,296.056793,153.071167,434.329865,335.952332
10296_27895,ASCUS,0.987495,ASCUS,0.99988914,293.748291,329.652710,434.808960,512.948425
14552_29719,ASCUS,0.060160,ASCUS,0.93357915,1.000000,389.711670,169.769867,532.867554
14552_29719,ASCUS,0.055042,ASCUS,0.8611301,284.586151,385.635071,476.960968,520.038086
14552_29719,ASCUS,0.194887,ASCUS,0.5485259,364.158936,250.344299,591.887024,337.998230
35832_45527,ASCUS,0.016337,ASCUS,0.99995387,461.554810,556.383423,586.753174,608.000000
23064_52215,ASCUS,0.639111,ASCUS,0.999858,282.529114,370.075043,384.355164,472.350922
29752_16951,ASCUS,0.988059,ASCUS,0.6458959,396.020599,287.245667,558.570374,538.769531
29752_16951,ASCUS,0.137618,ASCUS,0.9992562,508.343018,1.000000,607.335815,120.699402
46776_21207,ASCUS,0.603032,ASCUS,0.8904755,241.567230,451.603210,330.079742,582.518738
46776_21207,ASCUS,0.964771,ASCUS,0.9992398,48.245193,192.278946,202.613663,360.261292
46776_21207,ASCUS,0.820867,ASCUS,0.99876535,245.017029,49.698235,338.883789,202.886871
31576_18775,ASCUS,0.988677,ASCUS,0.8220434,180.356750,47.465263,472.430969,253.161865
33400_38839,ASCUS,0.433420,ASCUS,0.5122043,256.973022,176.681473,500.473389,453.566772
37656_35799,ASCUS,0.030263,ASCUS,0.99133134,366.470734,1.000000,454.590302,129.521774
14552_35191,ASCUS,0.989654,ASCUS,0.9999094,109.468140,165.738464,268.289673,295.232239
30360_16951,ASCUS,0.691681,ASCUS,0.9996433,305.543091,343.700684,457.195374,498.483276
10296_21207,ASCUS,0.370736,ASCUS,0.65357876,5.400177,84.466705,297.703156,260.473785
49816_21207,ASCUS,0.041720,LSIL,0.960865,148.768463,377.957947,351.606659,593.943176
49208_16951,ASCUS,0.031597,ASCUS,0.85745573,1.000000,309.687073,389.687805,447.442322
44952_29719,ASCUS,0.988919,ASCUS,0.99900407,389.635803,93.985909,517.547058,221.060455
44952_29719,ASCUS,0.977327,ASCUS,0.9992829,167.689972,360.867737,365.765961,590.341675
44952_45527,ASCUS,0.566118,ASCUS,0.9363198,1.720535,244.634537,101.291359,423.218750
5432_38231,ASCUS,0.884723,ASCUS,0.9997619,73.637131,393.619598,360.138367,608.000000
32184_6007,ASCUS,0.043965,LSIL,0.9985655,402.245728,84.813805,520.280762,198.700043
23064_46743,ASCUS,0.059699,ASCUS,0.9958865,259.824280,1.000000,528.168518,161.153625
23064_15735,ASCUS,0.457820,ASCUS,0.9984144,317.934875,13.122955,457.276062,143.742462
26712_15735,ASCUS,0.972485,ASCUS,0.99848914,344.988708,241.801193,481.503845,340.248962
10904_28503,ASCUS,0.751845,ASCUS,0.9926494,1.000000,373.457825,188.809601,602.432007
10904_28503,ASCUS,0.148705,ASCUS,0.99907,217.312637,245.332520,505.441223,574.565491
4824_26071,ASCUS,0.923417,ASCUS,0.99999845,1.000000,440.109039,304.633301,600.828674
4824_26071,ASCUS,0.084715,ASCUS,0.92158836,166.377258,141.210266,386.276001,285.692413
26104_6615,ASCUS,0.572347,ASCUS,0.7102434,5.573250,1.230980,173.165192,241.811401
18808_46743,ASCUS,0.990459,ASCUS,0.999337,61.103973,349.119598,234.935883,495.341766
39480_49783,ASCUS,0.438508,ASCUS,0.9998977,1.000000,13.085060,193.549713,140.087463
39480_49783,ASCUS,0.505109,ASCUS,0.97403765,235.335602,40.087559,431.007660,163.342789
34616_44311,ASCUS,0.897988,ASCUS,0.99858713,431.214844,262.323822,540.419250,357.508759
34616_44311,ASCUS,0.983688,ASCUS,0.9973187,364.153320,76.933304,492.232483,207.280685
52856_24247,ASCUS,0.527184,ASCUS,0.9006463,250.202179,436.436523,322.746857,514.504395
52856_24247,ASCUS,0.127432,ASCUS,0.9653459,214.118561,97.552887,418.707977,249.905273
28536_47959,ASCUS,0.967369,ASCUS,0.9998858,385.464661,310.701996,521.050476,420.194183
17592_35191,ASCUS,0.947955,ASCUS,0.9996178,296.513580,289.235138,419.331696,440.182770
17592_35191,ASCUS,0.228254,ASCUS,0.95069665,395.730652,1.000000,608.000000,214.680603
22456_13303,ASCUS,0.177648,ASCUS,0.74423563,208.070374,488.723663,392.226624,607.917480
22456_13303,ASCUS,0.101646,ASCUS,0.6421382,458.717621,171.114410,558.864746,333.903381
22456_13303,ASCUS,0.073228,ASCUS,0.9292554,540.507324,173.330460,604.850220,348.255432
40696_38231,ASCUS,0.656272,ASCUS,0.8218875,344.958282,43.493401,528.311279,191.033722
33400_27287,ASCUS,0.061477,ASCUS,0.9832644,1.896858,149.127167,119.202209,260.699982
33400_27287,ASCUS,0.059094,ASCUS,0.9457044,548.526978,86.152573,608.000000,292.110229
50424_30327,ASCUS,0.700444,ASCUS,0.9937309,1.000000,489.768890,123.727173,605.668457
37048_11479,ASCUS,0.998874,ASCUS,0.9993362,402.723633,352.329254,602.398682,590.758972
29752_25463,ASCUS,0.391850,ASCUS,0.99947685,280.953491,394.800323,600.291931,608.000000
43736_34583,ASCUS,0.902848,ASCUS,0.98775357,414.408997,243.399017,572.201721,375.952118
43736_34583,ASCUS,0.007564,ASCUS,0.9993026,156.045822,347.224762,285.712341,544.731384
32792_33975,ASCUS,0.983357,ASCUS,0.8958952,5.653427,344.547272,173.855881,608.000000
32792_33975,ASCUS,0.876545,ASCUS,0.9862293,249.731766,78.578812,438.347046,318.785645
19416_29719,ASCUS,0.854296,ASCUS,0.99971265,342.444702,5.477814,481.522278,165.512299
10904_23031,ASCUS,0.015097,ASCUS,0.99541533,5.643631,275.608490,148.897583,374.929474
46776_38231,ASCUS,0.021519,ASCUS,0.89412326,1.000000,252.826843,570.264343,543.742981
46776_38231,ASCUS,0.179575,ASCUS,0.99994826,179.161041,92.622795,293.617645,254.271576
46776_38231,ASCUS,0.948116,ASCUS,0.99948466,479.663605,196.865540,598.817383,309.498108
12120_21207,ASCUS,0.019304,ASCUS,0.9999949,90.476524,1.000000,303.507507,155.630463
21240_30327,ASCUS,0.957585,ASCUS,0.998691,10.713463,4.007607,225.753815,135.934265
26712_31543,ASCUS,0.790151,ASCUS,0.9764416,350.117554,3.919739,523.178711,134.840179
13944_46743,ASCUS,0.277902,ASCUS,0.71589106,291.798950,36.539055,452.317566,214.031158
13944_46743,ASCUS,0.830081,ASCUS,0.9996581,183.822021,95.999611,319.228912,265.445404
15160_30935,ASCUS,0.200936,ASCUS,0.9999999,45.901688,126.738144,375.757202,370.352539
4216_24247,ASCUS,0.186470,ASCUS,0.97506714,177.816864,155.541138,359.491791,319.899048
23064_15127,ASCUS,0.919169,ASCUS,0.99992514,307.722626,151.964615,574.833252,349.803345
35224_9047,ASCUS,0.013871,ASCUS,0.99045146,337.100800,160.910812,568.745850,265.132935
35224_9047,ASCUS,0.535590,ASCUS,0.9784067,89.015808,50.972435,223.903381,229.710815
49816_37623,ASCUS,0.034949,ASCUS,0.99989724,1.000000,213.370651,137.993958,322.772827
46168_32151,ASCUS,0.006067,ASCUS,0.9999945,328.344910,5.597816,398.142029,86.309097
52856_22423,ASCUS,0.436182,ASCUS,0.99378383,476.969543,404.200439,608.000000,565.354858
52856_22423,ASCUS,0.381172,ASCUS,0.9928018,3.353378,419.499451,102.723526,505.475769
52856_22423,ASCUS,0.195232,ASCUS,0.9942841,23.524376,386.270599,193.961060,457.127777
29144_22423,ASCUS,0.961882,ASCUS,0.99916565,467.102417,206.177155,550.371155,347.076019
7256_25463,ASCUS,0.969698,ASCUS,0.9999906,190.810608,13.603737,394.818970,254.053619
7256_25463,ASCUS,0.254580,ASCUS,0.9999527,129.142609,399.313293,199.478821,520.519226
47384_30327,ASCUS,0.936342,ASCUS,0.96184653,46.274742,434.218933,251.937103,598.114441
47384_30327,ASCUS,0.990213,ASCUS,0.9998067,501.493195,315.318054,568.246277,475.780579
47384_30327,ASCUS,0.193699,ASCUS,0.999778,33.376007,160.586151,166.525864,345.286407
17592_29111,ASCUS,0.940286,ASCUS,0.99999905,441.380066,385.201141,546.209839,453.284760
17592_29111,ASCUS,0.862289,ASCUS,0.8528748,405.340881,486.933655,515.393982,596.054138
17592_29111,ASCUS,0.403013,ASCUS,0.9973617,116.095139,192.638382,228.830826,296.819855
17592_29111,ASCUS,0.177242,ASCUS,0.8744248,448.302551,430.996979,502.547974,475.544769
17592_29111,ASCUS,0.086864,ASCUS,0.99742883,226.404037,127.021652,440.423828,234.017471
17592_29111,ASCUS,0.071713,ASCUS,0.9999342,143.374023,244.503021,281.632996,322.795990
20024_36407,ASCUS,0.375724,ASCUS,0.99037737,37.127747,151.733276,179.120850,257.956818
20024_36407,ASCUS,0.651746,ASCUS,0.9999044,158.891205,14.034515,284.215210,107.386902
20024_36407,ASCUS,0.087265,ASCUS,0.9992059,223.501831,1.000000,331.364502,59.352051
28536_9047,ASCUS,0.061752,ASCUS,0.99059695,242.565308,344.382324,339.072693,419.243896
28536_9047,ASCUS,0.150598,ASCUS,0.5119827,218.909164,252.318817,288.489136,349.146454
28536_9047,ASCUS,0.814338,ASCUS,0.93784994,259.064941,287.151520,343.135254,349.996368
28536_9047,ASCUS,0.029718,ASCUS,0.6701662,30.185417,359.730011,154.451324,497.476654
20024_30327,ASCUS,0.606374,ASCUS,0.99998975,99.882675,70.505943,298.828857,295.137756
20024_30327,ASCUS,0.994094,ASCUS,0.9943663,399.317261,79.525558,583.567322,355.719788
13336_43703,ASCUS,0.176101,ASCUS,0.6636342,41.235359,99.587112,176.499634,197.927872
13336_43703,ASCUS,0.999103,ASCUS,0.9999738,337.968414,281.614777,472.831512,400.110382
16984_46135,ASCUS,0.066351,ASCUS,0.98405427,8.580406,33.241768,208.360931,168.200409
13336_40055,ASCUS,0.307593,ASCUS,0.9982986,279.098022,370.307159,358.609253,490.643707
10296_15735,ASCUS,0.864995,ASCUS,0.9035434,21.293251,367.743591,181.175446,520.937378
9688_20599,ASCUS,0.142223,ASCUS,0.9920372,516.451721,306.127258,581.126526,357.146973
9688_20599,ASCUS,0.058893,ASCUS,0.9972383,207.785583,1.000000,514.885193,145.377701
12120_29719,ASCUS,0.998017,ASCUS,0.9484495,31.294479,251.149002,313.599365,567.574707
12120_29719,ASCUS,0.835068,ASCUS,0.9998976,448.456177,189.301773,570.081604,299.250641
12120_29719,ASCUS,0.169236,ASCUS,0.9980363,443.682556,352.613190,511.081665,474.518524
40696_11479,ASCUS,0.114783,ASCUS,0.98043627,100.421555,133.057602,198.704147,231.373672
40696_11479,ASCUS,0.979663,ASCUS,0.99974936,473.782440,84.256294,597.980591,310.968018
20632_15127,ASCUS,0.097392,ASCUS,0.76517594,21.961517,485.144287,212.478088,599.144775
34616_44919,ASCUS,0.055686,ASCUS,0.9940394,1.000000,271.629974,145.145660,515.806641
9080_33975,ASCUS,0.816770,ASCUS,0.9947745,82.138222,237.729813,315.552521,578.218384
13944_29719,ASCUS,0.969390,ASCUS,0.6717496,161.399994,292.511749,343.134766,486.550079
13944_29719,ASCUS,0.005042,LSIL,0.7620984,393.046265,150.167160,498.622314,275.335297
15160_24855,ASCUS,0.030162,ASCUS,0.99898404,165.632782,539.097534,231.409668,608.000000
34008_23639,LSIL,0.052595,HSIL,0.99951375,84.850601,79.380920,261.883728,252.010376
24888_5399,ASCUS,0.069978,ASCUS,0.99945444,432.009460,292.919403,554.165039,418.068878
24888_5399,ASCUS,0.056329,ASCUS,0.9999864,17.472843,140.544113,116.965317,250.632309
43128_27287,ASCUS,0.277261,ASCUS,0.99009866,280.681641,4.906860,481.567566,164.092010
43128_27287,ASCUS,0.799787,ASCUS,0.9904636,3.189957,1.000000,301.962036,343.199310
13336_22423,ASCUS,0.841885,ASCUS,0.9872026,225.980530,166.082779,423.524963,322.794983
13336_22423,ASCUS,0.954292,ASCUS,0.998412,76.967476,335.522461,251.514313,443.311890
13336_22423,ASCUS,0.063526,ASCUS,0.9891829,6.149155,245.532806,98.314545,373.274872
29752_46135,ASCUS,0.820019,ASCUS,0.83193225,371.937775,297.710510,601.687988,581.876465
46776_30935,ASCUS,0.253966,ASCUS,0.9998952,6.837826,378.346893,129.970398,608.000000
18808_18775,ASCUS,0.861540,ASCUS,0.99273187,463.615509,387.473633,608.000000,519.111389
21848_27287,ASCUS,0.530233,ASCUS,0.9182427,302.744751,371.665527,491.652649,550.113892
21848_27287,ASCUS,0.867605,ASCUS,0.99112517,357.306274,108.232376,608.000000,359.599182
21848_27287,ASCUS,0.995769,ASCUS,0.9902036,1.137360,175.142303,134.465729,361.073395
18808_37623,ASCUS,0.172852,ASCUS,0.7509,469.457581,258.136505,608.000000,425.374603
41304_47351,ASCUS,0.419174,ASCUS,0.99995613,345.227051,456.814667,449.983948,560.976257
41304_47351,ASCUS,0.616985,ASCUS,0.6510748,296.442169,159.507751,467.284454,316.026215
43128_20599,ASCUS,0.787048,ASCUS,0.9686244,32.747257,473.110291,120.601288,594.767395
43128_20599,ASCUS,0.596784,ASCUS,0.9996245,81.290634,479.464600,151.695358,602.508667
43128_20599,ASCUS,0.936855,ASCUS,0.99610424,341.933258,118.201202,422.214935,198.035614
43128_20599,ASCUS,0.890774,ASCUS,0.96059245,260.322693,195.044006,392.390076,262.924377
33400_29111,ASCUS,0.080484,ASCUS,0.9999857,158.758606,390.001099,285.011658,518.701538
14552_47959,ASCUS,0.966515,ASCUS,0.33294106,132.547852,36.440636,303.857758,264.937256
27928_28503,ASCUS,0.594903,ASCUS,0.9998429,254.182709,82.882195,459.395416,181.943451
46776_33367,ASCUS,0.046768,ASCUS,0.9983474,119.845718,41.540794,259.888123,225.775970
46776_33367,ASCUS,0.556340,ASCUS,0.99486613,269.995239,66.174713,396.028320,184.025543
46776_33367,ASCUS,0.086526,ASCUS,0.9996258,222.891739,1.000000,378.958252,78.194397
46776_33367,ASCUS,0.816634,ASCUS,0.9999608,329.702179,41.366920,431.275726,176.520111
46776_33367,ASCUS,0.195279,ASCUS,0.99503773,415.407562,54.721855,602.213745,194.688171
3608_30935,ASCUS,0.354335,ASCUS,0.99640524,23.720581,364.891846,279.785065,608.000000
3608_30935,ASCUS,0.015972,ASCUS,0.9995838,124.015381,1.000000,309.534882,266.429932
48600_17559,ASCUS,0.907926,ASCUS,0.5491002,182.885391,368.421906,472.952026,608.000000
48600_17559,ASCUS,0.405398,ASCUS,0.84509796,98.796631,4.701370,229.988953,134.571274
48600_17559,ASCUS,0.084920,ASCUS,0.57105756,35.655075,52.366127,151.235596,198.018585
48600_17559,ASCUS,0.007306,LSIL,0.99972147,86.111633,7.938263,382.110687,583.822144
26104_49175,ASCUS,0.055738,ASCUS,0.998838,1.000000,2.308426,158.170715,152.448288
26104_49175,ASCUS,0.125325,ASCUS,0.9771574,522.759888,375.698029,608.000000,547.115784
37656_39447,ASCUS,0.019020,HSIL,0.5019816,27.841515,354.529022,206.166870,503.544891
37048_33975,ASCUS,0.054740,ASCUS,0.99807394,100.098495,301.862793,294.374878,411.801880
26104_18167,ASCUS,0.051032,ASCUS,0.9999684,128.718140,68.291534,312.592651,200.170715
26104_18167,ASCUS,0.021059,ASCUS,0.9611112,472.431885,221.506241,546.405945,281.682159
38264_32151,ASCUS,0.011403,ASCUS,0.92507124,323.582550,267.425232,588.998291,488.098328
43736_32759,ASCUS,0.688923,ASCUS,0.9905614,318.597229,407.939789,443.973633,529.701660
43736_32759,ASCUS,0.432404,ASCUS,0.99713755,432.209625,319.170349,554.534729,425.954041
30360_35191,ASCUS,0.971111,ASCUS,0.999998,325.354797,295.028564,517.467041,466.117004
30360_35191,ASCUS,0.240382,LSIL,0.99415344,64.668816,476.143890,218.176392,559.956055
27320_21207,ASCUS,0.074953,ASCUS,0.9816063,274.416626,145.967331,372.549377,263.467651
29752_40055,ASCUS,0.129773,ASCUS,0.9802623,279.561462,442.530060,481.131958,605.597168
10296_27287,ASCUS,0.435507,ASCUS,0.9104143,236.728271,256.920807,354.474976,503.394684
10296_27287,ASCUS,0.782658,ASCUS,0.99961346,14.471840,156.199860,225.446075,375.670502
30360_12695,ASCUS,0.939478,ASCUS,0.9330139,268.903809,471.876770,412.434265,608.000000
30360_12695,ASCUS,0.068208,ASCUS,0.976439,220.749786,325.972504,365.210724,468.890656
30360_12695,ASCUS,0.059062,ASCUS,0.99772304,328.783020,354.300598,449.159058,440.645447
21848_16343,LSIL,0.374747,LSIL,0.9818412,9.477310,415.933960,268.663879,601.390747
34008_38839,ASCUS,0.965982,ASCUS,0.9434993,65.719017,101.837349,198.340302,307.629456
38872_50999,ASCUS,0.977352,ASCUS,0.99857855,155.477936,81.999306,338.646820,248.175964
15160_21815,ASCUS,0.444558,ASCUS,0.9996742,462.342346,72.143646,589.657898,226.138977
15160_21815,ASCUS,0.353140,ASCUS,0.9999006,501.594635,169.221405,608.000000,320.918427
34008_47351,ASCUS,0.189617,ASCUS,0.9997521,1.000000,126.827393,253.794601,334.622375
23064_19991,ASCUS,0.948314,ASCUS,0.99999213,420.897736,237.978363,608.000000,512.951782
23064_19991,ASCUS,0.933532,ASCUS,0.99991953,185.855286,59.142696,317.984772,174.119873
23064_19991,ASCUS,0.720813,ASCUS,0.9999988,119.732887,5.350494,225.552490,147.043594
12728_24247,ASCUS,0.999765,ASCUS,0.999699,161.679657,370.939209,376.006805,518.153442
12728_24247,ASCUS,0.662727,ASCUS,0.99038786,361.761261,235.019928,461.347198,430.321320
23672_21815,ASCUS,0.996240,ASCUS,0.9984534,211.635864,213.164337,359.297607,385.711761
32792_47351,ASCUS,0.771649,ASCUS,0.9976076,108.026367,52.325478,220.640381,212.524078
31576_46743,ASCUS,0.855669,ASCUS,0.92444205,52.584106,1.000000,283.536072,433.735748
31576_46743,ASCUS,0.057357,ASCUS,0.9999362,1.000000,31.101852,283.466797,280.309143
9688_23639,ASCUS,0.266634,ASCUS,0.99996924,289.354523,11.337296,428.564545,231.701553
26104_39447,ASCUS,0.509406,ASCUS,0.9997888,91.226372,262.948029,236.958435,451.312042
26104_39447,ASCUS,0.061549,ASCUS,0.985195,44.914673,6.126503,159.215744,165.246368
43736_46743,ASCUS,0.906119,ASCUS,0.95314586,366.748871,311.291931,604.881897,508.330566
20632_27895,ASCUS,0.009047,ASCUS,0.9975464,46.963295,166.351837,91.663399,339.586731
20632_27895,ASCUS,0.889708,ASCUS,0.9955758,244.065643,373.735962,423.247528,484.817566
46776_12695,ASCUS,0.682588,ASCUS,0.9650118,454.152832,350.574890,599.045410,524.727356
35224_27895,ASCUS,0.988896,ASCUS,0.8939389,419.054169,412.163177,599.985962,606.566040
13944_42487,ASCUS,0.854207,ASCUS,0.7889322,175.414246,405.588013,315.320831,565.992065
35832_44919,ASCUS,0.946167,ASCUS,0.99999964,3.790298,272.272034,343.010010,583.088440
35832_44919,ASCUS,0.552510,ASCUS,0.97409123,448.691803,345.393738,598.945007,495.702515
49208_35799,ASCUS,0.992031,ASCUS,0.9996947,57.751160,108.257675,255.638367,271.118347
41304_49175,ASCUS,0.991066,ASCUS,0.8672222,363.801697,179.966217,509.539551,355.615326
24280_7831,ASCUS,0.753736,ASCUS,0.9998234,422.163086,121.449051,514.340271,228.201096
39480_39447,ASCUS,0.995906,ASCUS,0.9996666,500.721130,421.455933,608.000000,596.464539
44344_10871,ASCUS,0.479952,ASCUS,0.9975108,50.519089,522.378357,166.835922,608.000000
7256_21815,ASCUS,0.745546,ASCUS,0.99857104,286.911865,220.009674,608.000000,411.141510
40696_19991,ASCUS,0.993523,ASCUS,0.99396837,1.413261,96.239105,185.840057,337.329315
40696_19991,ASCUS,0.905285,ASCUS,0.8251946,351.177032,468.300598,523.188354,596.587341
53464_35191,ASCUS,0.565696,ASCUS,0.9468642,11.607025,106.718903,301.118195,355.701935
13944_25463,ASCUS,0.863706,ASCUS,0.99883443,327.782166,210.058380,431.713196,373.166290
37656_24247,ASCUS,0.782406,ASCUS,0.99949694,467.579468,153.629364,567.582397,271.325531
25496_46743,ASCUS,0.992699,ASCUS,0.5451369,169.881119,163.241745,316.921021,328.403076
24280_44311,ASCUS,0.112474,ASCUS,0.9437442,1.000000,343.937561,608.000000,608.000000
24280_44311,ASCUS,0.906474,ASCUS,0.9035433,98.811676,219.136703,232.090485,332.667419
43736_44919,ASCUS,0.467837,ASCUS,0.80131894,21.947239,149.210480,115.398880,246.217529
43736_44919,ASCUS,0.993032,ASCUS,0.99659425,383.770447,240.552734,554.040222,391.099487
35224_37015,ASCUS,0.333891,ASCUS,0.87115234,212.384094,213.984344,356.756470,323.553131
35224_37015,ASCUS,0.558997,ASCUS,0.5376772,195.647736,297.454254,342.264923,398.630829
20632_19383,ASCUS,0.904929,ASCUS,0.99999666,368.000885,346.313171,600.329529,493.576843
27320_20599,ASCUS,0.749489,ASCUS,0.98383623,72.893349,207.839981,288.345978,345.399170
27320_20599,ASCUS,0.334155,ASCUS,0.9977665,501.306427,184.461914,597.468445,338.377380
43736_40055,ASCUS,0.809479,ASCUS,0.97137356,197.460907,188.531860,372.913361,365.762756
43736_40055,ASCUS,0.133564,ASCUS,0.9985654,443.542297,406.211914,591.666077,562.019287
18200_28503,ASCUS,0.958434,ASCUS,0.99975294,224.420685,54.500481,327.151703,241.442352
23672_20599,ASCUS,0.996226,ASCUS,0.99999976,324.811432,229.288498,608.000000,455.173157
32792_31543,ASCUS,0.010673,ASCUS,0.9956928,394.832825,1.391346,526.169983,86.149826
28536_23031,ASCUS,0.071523,ASCUS,0.99942005,145.378113,371.078186,296.000671,456.562622
26104_5399,ASCUS,0.009397,ASCUS,0.99907136,509.392517,336.943726,602.872620,503.272339
26104_5399,ASCUS,0.990110,ASCUS,0.9953172,196.989517,456.953918,341.887695,559.006897
9080_16951,ASCUS,0.356575,ASCUS,0.9998173,12.499344,455.954407,112.612183,608.000000
32792_29111,ASCUS,0.961259,ASCUS,0.99282104,141.969376,240.930634,280.865723,421.850067
32792_29111,ASCUS,0.982792,ASCUS,0.59252244,360.424805,306.181030,608.000000,571.306396
47992_39447,ASCUS,0.017864,ASCUS,0.9983943,177.974609,345.760498,262.217651,465.934753
47992_39447,ASCUS,0.990964,ASCUS,0.9986357,152.723785,170.374619,303.297028,270.554260
34616_9655,ASCUS,0.005774,ASCUS,0.82027036,448.489197,372.748535,551.775146,499.789856
34616_9655,ASCUS,0.142753,ASCUS,0.99560237,139.779388,310.800507,349.777283,417.608795
40696_23639,ASCUS,0.528684,ASCUS,0.9189678,524.732483,192.125900,608.000000,431.968384
7864_41271,ASCUS,0.763670,ASCUS,0.99168617,141.096222,189.708496,285.105225,364.472473
41304_29719,ASCUS,0.985909,ASCUS,0.9999993,395.107025,234.393280,541.007874,317.432587
30968_32151,ASCUS,0.983491,ASCUS,0.99897194,113.326431,254.693817,382.967590,437.302277
30968_32151,ASCUS,0.761162,ASCUS,0.9998441,113.732368,58.180874,252.134796,158.131241
26712_28503,ASCUS,0.227165,ASCUS,0.9945792,399.461487,158.611511,571.636047,312.978699
26712_28503,ASCUS,0.161440,ASCUS,0.9997726,157.530090,421.192230,236.205627,548.691284
26712_28503,ASCUS,0.083778,ASCUS,0.99996865,93.812202,512.895142,220.087036,601.405640
27320_16343,ASCUS,0.826515,ASCUS,0.99996567,10.452904,502.643555,141.599518,608.000000
6648_25463,ASCUS,0.087658,ASCUS,0.6669841,366.311951,251.878998,523.025757,398.274750
22456_33975,ASCUS,0.568004,ASCUS,0.9992638,13.410049,366.323914,158.242355,522.787048
22456_33975,ASCUS,0.963409,ASCUS,0.99772614,124.619751,193.184875,300.583221,311.920990
52248_27287,ASCUS,0.088623,ASCUS,0.7921542,425.449188,38.571915,608.000000,266.026245
52248_27287,ASCUS,0.909725,ASCUS,0.8598544,36.257492,411.734070,179.352036,558.877441
52248_27287,LSIL,0.860189,LSIL,0.99999523,304.998230,282.242615,608.000000,604.549561
14552_10263,LSIL,0.986118,LSIL,0.9998747,405.763580,239.194626,502.786774,361.570831
25496_13303,ASCUS,0.102793,ASCUS,0.9999721,46.630928,352.688538,137.535858,534.881714
39480_8439,ASCUS,0.254590,ASCUS,0.92780524,4.872581,341.740417,72.653206,422.574890
39480_8439,ASCUS,0.589807,ASCUS,0.9915348,440.157623,262.087280,599.941528,461.065918
39480_8439,ASCUS,0.922974,ASCUS,0.8839854,342.122742,275.833221,484.398926,439.766205
9688_27287,ASCUS,0.948520,ASCUS,0.98934144,12.400482,43.940178,222.618103,174.205780
9688_27287,ASCUS,0.435870,ASCUS,0.9997627,1.305031,406.725250,138.935760,595.590881
33400_32759,ASCUS,0.813859,ASCUS,0.9987418,276.349701,82.372383,502.697174,325.879456
46776_13303,ASCUS,0.667076,ASCUS,0.8186146,366.546692,96.713333,509.429199,218.856369
26104_21815,ASCUS,0.677565,ASCUS,0.99998903,350.237488,195.284164,461.631714,311.012421
26104_21815,ASCUS,0.144124,ASCUS,0.9986436,1.000000,416.802429,159.892059,537.234680
26104_21815,ASCUS,0.088089,ASCUS,0.7140025,428.006866,251.665070,557.786743,369.324982
23064_52823,ASCUS,0.516313,ASCUS,0.9999869,1.000000,360.255005,416.778015,608.000000
28536_33367,ASCUS,0.086286,ASCUS,0.99969125,112.714172,228.015335,266.440125,344.595978
28536_33367,ASCUS,0.120510,ASCUS,0.99999976,63.993950,366.059998,249.501678,539.847595
43128_13911,ASCUS,0.986155,ASCUS,0.99678016,68.208107,256.166107,212.829346,408.642181
43128_13911,ASCUS,0.555799,ASCUS,0.99939406,402.925690,30.759338,578.456116,336.355804
49208_42487,ASCUS,0.035461,ASCUS,0.6727853,336.181732,446.410858,538.118469,603.620483
38872_40055,ASCUS,0.721188,ASCUS,0.99825996,122.050598,339.723969,563.881897,582.120422
38872_40055,ASCUS,0.950715,ASCUS,0.99831736,178.030518,49.388046,492.695801,286.529602
8472_33367,ASCUS,0.056009,ASCUS,0.7923132,181.798325,422.987213,354.812622,578.757507
8472_33367,LSIL,0.145835,LSIL,0.99992096,400.246552,128.590836,608.000000,401.578918
34616_35799,ASCUS,0.943553,ASCUS,0.9988213,311.131531,442.929688,399.926880,608.000000
17592_38231,ASCUS,0.040236,ASCUS,0.9998492,258.871857,157.820679,439.640228,284.272522
17592_38231,ASCUS,0.999304,ASCUS,0.99826497,67.284149,228.451431,212.918793,338.623718
11512_28503,ASCUS,0.222556,ASCUS,0.9987748,204.906082,421.474243,299.791565,566.342834
11512_28503,ASCUS,0.899715,ASCUS,0.9969447,351.470367,43.195068,570.221802,358.077148
21240_43095,ASCUS,0.176201,ASCUS,0.77913815,389.359192,157.771667,608.000000,253.474426
21240_43095,ASCUS,0.997606,ASCUS,0.9999989,22.196152,261.810059,177.282059,391.018433
51032_19383,ASCUS,0.127367,ASCUS,0.9998203,490.792603,97.602959,606.462280,215.667603
51032_19383,ASCUS,0.699409,ASCUS,0.9920197,42.630356,250.111877,192.269180,401.304626
38872_23031,ASCUS,0.008351,ASCUS,0.8552264,48.210258,188.275116,296.935364,442.957611
38872_23031,ASCUS,0.282968,LSIL,0.9912804,350.970276,27.653976,561.162781,243.517044
23064_26679,ASCUS,0.955128,ASCUS,0.9980605,446.992432,32.574516,537.882568,172.560791
23064_26679,ASCUS,0.256682,ASCUS,0.6317335,141.032593,67.229851,301.599823,230.340698
29752_19383,ASCUS,0.177413,ASCUS,0.99515545,466.132599,181.016022,566.504639,339.803497
29752_19383,ASCUS,0.403029,ASCUS,0.9981359,401.588776,7.274811,584.238953,117.336922
28536_29719,ASCUS,0.845055,ASCUS,0.9942629,192.026276,85.620544,409.530853,211.095642
16984_13303,ASCUS,0.851096,ASCUS,0.99991834,118.112442,394.964050,213.554062,541.423828
23672_28503,ASCUS,0.873401,ASCUS,0.9977725,381.966248,41.518646,572.027649,257.238647
23672_28503,ASCUS,0.700506,ASCUS,0.99971884,4.731621,98.824783,146.921631,247.210129
35832_39447,ASCUS,0.208463,ASCUS,0.8246234,270.105347,198.841400,547.940369,398.677399
43736_29111,ASCUS,0.513910,ASCUS,0.9883333,255.899277,187.870316,360.951752,365.744812
43736_29111,ASCUS,0.069994,ASCUS,0.9586205,322.555267,178.170914,408.336884,312.317505
43736_29111,ASCUS,0.133481,ASCUS,0.97713506,17.118469,44.448563,289.476501,223.290634
9688_32151,ASCUS,0.857473,ASCUS,0.9861566,344.447357,253.020874,466.157867,413.139099
9688_32151,ASCUS,0.825063,ASCUS,0.9736955,423.388214,298.529724,529.606445,445.757935
35224_18775,ASCUS,0.118443,ASCUS,0.99993145,332.042480,141.462372,446.583130,299.104553
35224_18775,ASCUS,0.169118,ASCUS,0.97910327,385.369873,466.301086,491.869690,597.991516
35224_18775,ASCUS,0.071393,ASCUS,0.99801135,34.400696,401.169556,150.662354,600.036804
39480_50391,ASCUS,0.860198,ASCUS,0.9960263,155.832062,282.674316,284.089539,429.374146
38264_48567,ASCUS,0.012022,ASCUS,0.8775953,203.528610,5.936890,387.571594,275.275116
15768_38839,ASCUS,0.106656,ASCUS,0.98377496,471.478027,19.373032,565.188843,151.764908
38872_37623,ASCUS,0.518757,ASCUS,0.99934965,296.435638,1.000000,401.028229,135.598114
14552_39447,ASCUS,0.126992,ASCUS,0.9982072,148.381958,201.914886,378.853882,390.529877
14552_39447,ASCUS,0.274724,ASCUS,0.966463,304.040436,13.104904,546.033997,192.662979
21848_40663,ASCUS,0.969582,ASCUS,0.9999839,230.403641,73.345581,321.680969,178.682510
21848_40663,ASCUS,0.067648,ASCUS,0.99972683,466.257568,351.748535,567.463623,490.910339
37656_49783,ASCUS,0.210251,ASCUS,0.99947315,158.830139,2.058731,434.526367,175.493652
37656_49783,ASCUS,0.086544,ASCUS,0.93490106,340.263641,171.829300,470.999908,287.449341
44344_41879,ASCUS,0.387949,ASCUS,0.87917805,388.632782,30.663057,502.557831,80.721375
30360_43095,ASCUS,0.083247,ASCUS,1.0,42.092133,122.219025,275.974365,479.474579
26104_34583,ASCUS,0.106020,ASCUS,0.8891128,1.000000,365.382172,77.362206,539.916504
32792_40663,ASCUS,0.940853,ASCUS,0.99999845,2.495068,150.724335,121.972092,291.695648
32792_40663,ASCUS,0.940309,ASCUS,0.99776065,126.259598,297.335052,332.052124,477.725922
17592_33975,ASCUS,0.023513,ASCUS,0.92894125,88.556664,103.371529,289.227020,230.373535
12120_29111,ASCUS,0.085063,ASCUS,0.96752274,12.689003,398.660065,219.779510,524.481567
12120_29111,ASCUS,0.054773,ASCUS,0.99999106,411.280914,156.667999,542.029419,316.583984
10904_16951,ASCUS,0.727800,ASCUS,0.93466187,1.000000,74.658081,219.605835,329.605347
10904_16951,ASCUS,0.941397,ASCUS,0.9994605,199.987762,1.769859,291.540863,152.921021
41304_35191,ASCUS,0.982424,ASCUS,0.9997907,308.080261,115.454330,435.981873,228.965134
41304_35191,ASCUS,0.541548,ASCUS,0.9364143,263.673279,62.586166,368.585876,171.659225
41304_35191,ASCUS,0.164817,ASCUS,0.9776433,299.705383,8.655869,414.875793,113.699547
16376_30327,ASCUS,0.841016,ASCUS,0.9839333,145.903229,12.438278,345.941315,268.219177
16376_30327,ASCUS,0.054776,ASCUS,0.98014176,200.233902,446.235626,385.537109,587.157166
21240_38839,ASCUS,0.732544,ASCUS,0.99201035,40.315277,221.469101,295.654053,608.000000
34008_39447,ASCUS,0.016150,ASCUS,0.999084,202.319763,490.958893,334.363586,606.978088
34008_39447,ASCUS,0.011290,ASCUS,0.999995,1.000000,436.213104,152.085999,532.249817
34008_39447,ASCUS,0.329544,ASCUS,0.9940752,539.152344,494.164734,608.000000,586.735168
27320_27287,ASCUS,0.961831,ASCUS,0.92494303,4.305634,229.179611,180.732529,387.954163
18200_37623,ASCUS,0.450837,ASCUS,0.99791783,354.017700,461.393982,568.840149,589.769348
18200_37623,ASCUS,0.128380,ASCUS,0.98628324,291.404541,102.626717,485.619202,242.519196
32792_21207,ASCUS,0.204645,ASCUS,0.9998964,78.711205,95.423111,171.361176,251.100937
32792_21207,ASCUS,0.077401,ASCUS,0.64376974,183.343613,212.196106,387.472900,340.156860
34008_12087,ASCUS,0.954386,ASCUS,0.9953891,211.955353,80.154503,371.614655,184.708038
34008_12087,LSIL,0.072582,LSIL,0.99148107,275.530640,155.929489,403.651917,235.928024
51032_19991,ASCUS,0.728405,ASCUS,0.9930561,15.561817,105.157379,140.342514,256.555786
51032_19991,ASCUS,0.991295,ASCUS,0.99980944,414.892090,365.510620,555.889587,558.095398
35224_46135,ASCUS,0.121348,ASCUS,0.9078368,267.921936,222.838043,429.569641,393.416595
35224_46135,ASCUS,0.844963,ASCUS,0.9834735,63.567863,433.183960,266.823730,600.186279
20632_53431,ASCUS,0.105862,ASCUS,0.74305046,449.711029,130.304077,608.000000,264.445343
41304_25463,ASCUS,0.995262,ASCUS,0.99903655,139.524033,23.790878,480.490417,254.829605
49816_34583,ASCUS,0.999338,ASCUS,0.99995196,114.325829,182.852020,245.956726,323.951904
49816_34583,ASCUS,0.942627,ASCUS,0.9968659,203.136307,193.835754,319.238708,329.290771
13944_15127,ASCUS,0.991414,ASCUS,0.99219745,193.663025,178.112457,308.557800,344.936005
16376_27895,ASCUS,0.136659,ASCUS,0.99963474,347.553040,111.428391,538.822144,248.661362
33400_37015,ASCUS,0.051355,ASCUS,0.8528447,502.371124,141.288757,608.000000,300.481812
7864_21815,ASCUS,0.349468,ASCUS,0.964238,21.681290,29.764679,152.618790,339.557068
20024_28503,ASCUS,0.452032,ASCUS,0.537622,269.788086,294.397339,456.786072,530.351685
34008_33975,ASCUS,0.282037,ASCUS,0.996739,371.669189,372.744080,473.207703,605.545593
23672_10263,ASCUS,0.960669,ASCUS,0.99986124,470.881622,314.212677,593.226624,415.275970
23672_10263,ASCUS,0.346745,ASCUS,0.9996766,417.822205,436.286560,503.861389,514.874451
28536_27895,ASCUS,0.810169,ASCUS,0.96489465,2.443710,236.155609,197.063416,410.418671
13336_45527,ASCUS,0.932250,ASCUS,1.0,8.376625,288.278229,198.298553,592.987549
13336_45527,ASCUS,0.942890,ASCUS,0.928089,311.554199,275.783112,498.039062,441.169891
27320_49783,ASCUS,0.070950,ASCUS,0.9678092,352.449127,481.861755,455.177216,568.679749
27320_49783,ASCUS,0.961175,ASCUS,0.9999548,1.000000,1.000000,125.457947,248.648590
26104_52823,ASCUS,0.024628,ASCUS,0.6166324,6.913261,47.354767,108.598175,328.885986
24280_48567,ASCUS,0.076800,ASCUS,0.5057936,257.128326,187.803391,499.532440,532.081299
12728_32759,ASCUS,0.163169,ASCUS,0.99676967,55.326103,199.062531,242.297272,321.810516
12728_32759,ASCUS,0.075256,ASCUS,0.95575345,461.945862,127.928200,608.000000,372.016296
29752_30935,ASCUS,0.645868,ASCUS,0.9999771,49.242920,9.911316,309.810120,323.023773
9080_43095,ASCUS,0.235310,ASCUS,0.96473676,104.138260,260.256897,360.800842,456.992432
9080_43095,ASCUS,0.965704,ASCUS,0.90126127,491.172394,180.390656,587.729492,356.757843
27928_10871,ASCUS,0.788626,ASCUS,0.8000069,403.349854,238.635529,574.959106,458.954681
27928_10871,ASCUS,0.031686,LSIL,0.9711141,361.645538,131.316162,545.670776,280.189484
20632_51607,ASCUS,0.350313,ASCUS,0.9197461,496.335388,210.427811,599.613342,480.081421
34616_19383,ASCUS,0.990763,ASCUS,0.99889684,307.775330,242.914032,402.256714,410.174713
12728_35191,ASCUS,0.859678,ASCUS,0.7617812,64.628601,1.000000,367.460632,163.699921
12728_35191,ASCUS,0.998746,ASCUS,0.9531036,73.460365,398.869171,209.763641,570.902710
12120_15735,ASCUS,0.998597,ASCUS,0.99733424,165.472260,344.125793,290.336151,499.905396
45560_43095,ASCUS,0.137867,ASCUS,0.98082125,372.347931,30.875465,500.776764,221.375885
38264_10263,ASCUS,0.553395,ASCUS,0.99908864,1.139744,315.640320,114.832657,529.626831
38264_10263,ASCUS,0.768349,ASCUS,0.9618674,1.000000,124.922943,139.688919,298.858215
34008_26679,ASCUS,0.455149,ASCUS,0.99967706,383.917023,3.958828,608.000000,85.514755
17592_11479,ASCUS,0.791894,ASCUS,0.99306136,235.706390,378.500366,334.871124,512.094421
17592_17559,ASCUS,0.164668,ASCUS,0.99970406,151.431580,162.578354,258.355347,295.004333
35224_47959,ASCUS,0.989365,ASCUS,0.9313622,403.952271,377.286194,575.089478,608.000000
35224_47959,ASCUS,0.057550,ASCUS,0.9967411,438.938751,63.981190,608.000000,187.827652
31576_12695,ASCUS,0.066974,ASCUS,0.9987857,441.764832,440.142639,605.507507,594.848328
20632_33975,ASCUS,0.929297,ASCUS,0.99997175,212.420517,73.370560,329.998779,174.634552
48600_25463,ASCUS,0.879979,ASCUS,0.9917755,192.257217,139.315308,522.907166,300.516418
19416_23639,ASCUS,0.992954,ASCUS,0.9999764,211.291840,213.225159,407.642242,339.882812
26104_32151,ASCUS,0.071913,ASCUS,0.99999523,5.659164,282.195496,80.096130,415.334778
30360_51607,ASCUS,0.893561,ASCUS,0.9926225,4.540771,284.138245,345.974823,503.169495
30360_51607,ASCUS,0.035187,ASCUS,0.9898358,99.492516,214.994995,306.426239,608.000000
38872_35191,ASCUS,0.280610,ASCUS,0.9696462,213.586243,418.093628,373.408997,583.318909
38872_35191,ASCUS,0.127942,ASCUS,0.9997912,525.402893,309.742218,603.863708,375.530121
28536_20599,ASCUS,0.966946,ASCUS,0.6450436,11.581886,412.738098,260.903534,566.957458
46168_43703,ASCUS,0.714431,ASCUS,0.74603915,17.684059,291.861023,170.242371,470.629639
35832_53431,ASCUS,0.774971,ASCUS,0.9161115,316.467590,1.000000,492.299255,155.126038
20024_31543,ASCUS,0.890212,ASCUS,0.9999974,287.527191,418.343048,393.394623,539.844055
36440_15735,ASCUS,0.025398,ASCUS,0.9818673,288.784943,168.804932,490.395844,306.189850
18200_47351,ASCUS,0.015707,ASCUS,0.80343777,46.301659,29.672966,188.493317,139.688416
18200_47351,ASCUS,0.044052,ASCUS,0.99999714,95.145660,91.741425,158.366119,145.621689
44344_23031,ASCUS,0.714150,ASCUS,0.99853396,107.499207,84.859901,318.283142,211.833923
44344_23031,ASCUS,0.874611,ASCUS,0.9891509,405.279816,359.690125,514.424072,529.507812
9080_18775,ASCUS,0.994269,ASCUS,0.8159423,247.242462,364.139404,413.088837,606.472595
5432_39447,ASCUS,0.222816,ASCUS,0.82212955,202.669403,161.757706,337.441315,327.597839
20024_10263,ASCUS,0.968046,ASCUS,0.99946624,56.208412,206.131165,258.599792,330.636353
46168_39447,ASCUS,0.941807,ASCUS,0.9999933,203.317413,105.267136,384.346222,172.094772
33400_14519,ASCUS,0.904817,ASCUS,0.98349804,331.791382,139.113205,447.171326,270.989746
33400_14519,ASCUS,0.412564,ASCUS,0.9526223,352.143646,15.231270,502.855682,170.376282
46168_24247,ASCUS,0.803121,ASCUS,0.9989888,122.577995,295.884094,254.405243,434.894287
49816_29111,ASCUS,0.007651,ASCUS,0.9789715,29.534401,1.000000,273.581116,179.700150
47992_15735,ASCUS,0.085894,ASCUS,0.9875403,124.196350,13.268105,237.117798,156.264862
23672_24855,ASCUS,0.006572,HSIL,0.6884885,29.723198,411.225861,265.960083,513.901001
47384_29719,ASCUS,0.299800,ASCUS,0.99894077,247.171188,488.225433,387.858276,608.000000
6040_26679,ASCUS,0.984038,ASCUS,0.99998546,326.810425,227.033707,589.220276,555.455750
40696_40055,ASCUS,0.445601,ASCUS,0.7371663,387.930176,399.785767,595.729004,586.544312
40696_40055,ASCUS,0.980096,ASCUS,0.9351425,86.850082,233.308258,341.285828,488.659943
40696_40055,LSIL,0.055543,LSIL,0.99656504,36.474121,445.574524,197.448471,588.690247
35832_52215,ASCUS,0.070356,ASCUS,1.0,309.630768,29.687500,418.104279,141.186417
33400_21815,ASCUS,0.760035,ASCUS,0.9999347,280.287933,216.465347,416.012848,321.840820
22456_50391,ASCUS,0.983167,ASCUS,0.9201274,153.170975,130.079071,438.270264,339.610992
46776_27287,ASCUS,0.490225,ASCUS,0.96367127,3.282349,367.212402,69.628410,507.769653
46776_27287,ASCUS,0.608843,ASCUS,0.9938632,50.032654,378.578522,150.934128,543.991333
17592_49783,ASCUS,0.709355,ASCUS,0.98123646,40.787392,301.584900,238.913788,490.703552
17592_49783,ASCUS,0.101189,ASCUS,0.91233593,4.210201,39.928020,119.059021,148.387543
13336_24247,ASCUS,0.173631,ASCUS,0.7970468,296.272308,283.559296,498.858490,446.112396
13336_24247,ASCUS,0.119588,ASCUS,0.7036401,265.664001,154.279114,352.068054,320.131744
46776_44311,ASCUS,0.009201,ASCUS,0.9963659,102.753822,505.746094,243.719818,607.292114
32184_15127,ASCUS,0.461853,ASCUS,0.9995371,244.053360,305.250305,375.593933,408.672424
32184_15127,ASCUS,0.996495,ASCUS,0.9999987,314.818115,408.871765,395.906738,544.378967
32184_15127,LSIL,0.006656,SCC,0.99942786,311.473328,414.682678,391.107727,551.092529
39480_27895,ASCUS,0.965160,ASCUS,0.8107691,122.093468,121.407097,335.797180,287.011444
39480_27895,ASCUS,0.255903,ASCUS,0.9999994,401.438019,1.000000,607.616699,281.510651
10296_46135,ASCUS,0.592856,ASCUS,0.9143492,266.320618,214.579620,385.677246,292.185974
10296_46135,ASCUS,0.055233,ASCUS,0.98620284,290.759613,261.290344,389.095795,327.981750
41304_19383,ASCUS,0.011843,ASCUS,0.9994166,18.126102,74.416260,106.574768,143.492538
41304_19383,ASCUS,0.058718,ASCUS,0.99625236,15.205757,392.586884,218.686310,528.977966
49816_37015,ASCUS,0.023864,ASCUS,0.9938619,220.990173,216.852478,364.694580,307.373718
29144_32759,ASCUS,0.945574,ASCUS,0.99404776,172.688187,213.984589,518.961975,316.689972
43128_30327,ASCUS,0.135262,ASCUS,0.99949014,504.769623,107.250832,592.503906,271.989410
43128_30327,ASCUS,0.997452,ASCUS,0.99998856,184.758163,362.586487,306.862091,511.049866
43128_30327,ASCUS,0.338274,ASCUS,0.8432256,234.021652,46.667503,488.769226,226.591217
43128_30327,ASCUS,0.057879,ASCUS,0.9998362,325.335632,223.674561,404.013916,286.711853
20632_49783,ASCUS,0.994791,ASCUS,0.99854493,104.357010,249.562088,421.707336,375.812195
12120_21815,ASCUS,0.169985,ASCUS,0.9773316,1.000000,150.836777,168.888519,274.874329
12120_21815,ASCUS,0.670633,ASCUS,0.9992316,403.172577,354.448792,572.609253,560.742859
12120_21815,ASCUS,0.995454,ASCUS,0.5434564,415.175934,54.835724,570.120544,272.673340
26104_12695,ASCUS,0.241156,ASCUS,0.97290015,523.262329,197.537598,605.129517,388.189514
18200_40055,ASCUS,0.455625,ASCUS,0.9998286,169.765396,228.640793,271.016296,322.614441
37048_27287,ASCUS,0.018556,ASCUS,0.9102311,526.498291,566.253296,588.958252,608.000000
37048_27287,ASCUS,0.644488,ASCUS,0.88164455,462.900940,1.000000,608.000000,156.608994
37048_27287,ASCUS,0.502179,ASCUS,0.9987173,1.000000,375.179749,130.561813,545.487244
16984_44919,ASCUS,0.463388,ASCUS,0.99732924,441.234955,214.538284,608.000000,388.542236
16984_44919,ASCUS,0.328664,ASCUS,0.95072514,279.044312,322.868134,482.531250,456.469269
39480_34583,ASCUS,0.085139,ASCUS,0.86854064,457.484009,550.044922,561.284363,606.965942
39480_34583,ASCUS,0.136809,ASCUS,0.98816586,402.670776,399.297241,599.618530,507.742004
32184_34583,ASCUS,0.055838,ASCUS,0.99989665,15.214844,382.716980,195.977142,597.997681
32184_34583,ASCUS,0.130331,ASCUS,0.966241,380.122437,359.645020,491.772034,467.796509
38872_20599,ASCUS,0.812864,ASCUS,0.9656553,349.874847,425.681091,429.772980,510.314636
42520_44919,ASCUS,0.964226,ASCUS,0.99836,170.530411,169.767548,492.214539,363.284576
20632_49175,ASCUS,0.651284,ASCUS,0.9862555,336.879791,273.804443,539.917358,484.267517
20632_49175,ASCUS,0.449347,ASCUS,0.9784373,125.196449,86.694839,270.243591,257.671387
20632_49175,ASCUS,0.130819,ASCUS,0.9999913,40.548767,503.055542,160.766464,594.952515
38264_46135,ASCUS,0.075495,ASCUS,0.9244513,206.583832,223.858612,395.016815,361.211823
25496_46135,ASCUS,0.984868,ASCUS,0.99696094,279.318024,417.819763,467.215546,608.000000
24888_41879,ASCUS,0.985686,ASCUS,0.99897397,461.497131,487.944092,558.014587,608.000000
24888_41879,ASCUS,0.098606,ASCUS,0.9443024,1.000000,522.242554,75.884079,594.263306
43128_37015,ASCUS,0.232271,ASCUS,0.99990726,1.000000,214.023132,90.014526,389.140564
35832_5399,ASCUS,0.515766,ASCUS,0.9999927,407.053894,228.220825,608.000000,357.697754
35224_9655,ASCUS,0.679080,ASCUS,0.9996145,436.584778,59.581131,532.898438,222.255753
35224_9655,LSIL,0.118367,HSIL,0.77164775,332.202881,171.013565,608.000000,487.684753
40088_19383,ASCUS,0.019826,ASCUS,0.9952728,77.895027,319.721283,266.740234,457.699188
26104_38839,ASCUS,0.781351,ASCUS,0.99993896,225.757874,457.838135,329.764648,579.566772
26104_38839,ASCUS,0.242703,ASCUS,0.9999931,56.227005,1.000000,316.184082,274.709351
26104_38839,ASCUS,0.407808,ASCUS,0.99913615,264.898346,349.532257,434.258514,443.861359
28536_44919,ASCUS,0.945547,ASCUS,0.9999957,23.091469,7.570137,113.254997,162.139099
28536_44919,ASCUS,0.056545,ASCUS,0.99888426,113.695831,146.962357,186.170258,211.529312
42520_46135,ASCUS,0.987350,ASCUS,0.99989796,167.720184,212.701721,352.232758,358.073853
42520_46135,ASCUS,0.325271,ASCUS,0.9999001,1.000000,425.619568,57.844612,577.080017
12120_27895,ASCUS,0.423915,ASCUS,0.8066851,256.601074,19.439568,472.226501,167.651611
32184_54039,ASCUS,0.039881,ASCUS,0.91190106,8.987862,66.639633,157.770264,245.115921
26104_25463,ASCUS,0.279613,ASCUS,0.99956614,185.157074,448.917175,320.693909,599.485901
26104_25463,ASCUS,0.171249,ASCUS,0.9221449,129.532806,250.554443,305.255737,467.456909
15768_9655,ASCUS,0.997482,ASCUS,0.99999833,479.313538,109.013504,604.688660,218.779678
15768_9655,ASCUS,0.979496,ASCUS,0.9995432,1.000000,94.721649,142.031357,204.125702
27320_46135,ASCUS,0.941357,ASCUS,0.89846605,518.554504,109.568367,608.000000,238.150146
27320_46135,ASCUS,0.278552,ASCUS,0.993729,6.812958,339.305481,209.596970,471.989807
27320_46135,ASCUS,0.148412,ASCUS,0.8326337,412.589478,129.121368,542.670471,298.231781
27320_46135,ASCUS,0.076389,ASCUS,0.73227274,472.968567,106.772354,559.656433,271.544373
43128_21207,ASCUS,0.141215,ASCUS,0.981729,117.913834,372.333069,307.444824,516.628296
30968_16951,ASCUS,0.747007,ASCUS,0.99930096,390.880676,8.068565,498.161987,143.864990
6040_39447,ASCUS,0.987716,ASCUS,0.99981016,329.099762,223.414780,528.109009,424.944092
16984_16343,ASCUS,0.177113,ASCUS,0.9930803,256.857819,59.950127,423.376678,204.838531
16984_16343,ASCUS,0.077734,ASCUS,0.5049821,2.149284,361.020050,89.540611,513.475952
6648_27287,ASCUS,0.897790,ASCUS,0.998988,467.706299,194.459259,608.000000,275.955444
35832_31543,ASCUS,0.493286,ASCUS,0.9805834,259.501282,339.066406,437.700256,486.151428
35832_31543,ASCUS,0.057205,ASCUS,0.99397874,224.963989,357.837158,330.792114,468.623840
9080_43703,ASCUS,0.991857,ASCUS,0.99999094,54.823883,1.486320,245.067963,149.275360
9080_43703,ASCUS,0.176851,ASCUS,0.8659904,83.217461,410.879669,182.826019,591.035339
20632_46135,ASCUS,0.335752,ASCUS,0.99267405,277.823120,497.736450,516.779724,608.000000
20632_46135,ASCUS,0.053273,ASCUS,0.84019876,228.745346,71.903252,489.669434,237.155548
33400_12695,ASCUS,0.818563,ASCUS,0.87960017,333.862488,148.322739,542.207886,291.401550
10296_16951,ASCUS,0.254379,ASCUS,0.9377356,43.079159,10.118614,144.726089,80.014503
41912_33367,ASCUS,0.993208,ASCUS,0.99999964,58.613281,97.717484,473.851257,439.489868
16376_32151,ASCUS,0.907869,ASCUS,0.9758958,13.389908,11.302048,142.810043,125.743683
16376_32151,ASCUS,0.984540,ASCUS,0.99877936,279.531311,166.341324,465.490723,321.315308
16376_32151,ASCUS,0.666024,ASCUS,0.9999478,75.514008,455.174988,177.942413,564.913513
8472_37623,ASCUS,0.595994,ASCUS,0.99947435,23.528687,84.335114,283.574982,351.691101
26712_40055,ASCUS,0.095637,ASCUS,0.9924177,499.167236,280.587616,608.000000,402.294098
27320_37015,ASCUS,0.659115,ASCUS,0.99686193,490.675995,437.254822,591.052612,566.257324
27320_37015,ASCUS,0.409143,ASCUS,0.95995206,222.213379,85.112442,476.228821,165.227707
27320_37015,ASCUS,0.134135,ASCUS,0.9080212,100.874153,1.000000,277.538300,141.205597
27928_49783,ASCUS,0.107923,ASCUS,0.99813604,173.279099,2.388577,301.650085,87.380981
27928_49783,ASCUS,0.070461,ASCUS,0.9999863,502.557495,240.530106,608.000000,347.219971
30360_7223,ASCUS,0.107398,ASCUS,0.9952154,488.848206,1.000000,596.127014,136.186279
30360_7223,ASCUS,0.087176,ASCUS,0.99974746,85.491989,10.958408,183.305740,108.675858
45560_10263,LSIL,0.078405,LSIL,0.99974376,3.192142,411.882080,71.731461,558.538330
7256_20599,ASCUS,0.116702,ASCUS,0.88058025,486.040894,265.133362,608.000000,524.327148
7256_20599,ASCUS,0.057330,ASCUS,0.97954226,318.407990,91.118034,460.530365,272.607208
44344_21207,ASCUS,0.915073,ASCUS,0.9888747,468.882233,179.423218,599.645996,453.419983
44344_21207,ASCUS,0.063956,ASCUS,0.9999999,93.038254,48.559601,443.531799,443.891205
42520_37623,ASCUS,0.008044,ASCUS,0.98797905,143.670593,146.927704,382.787842,351.270569
48600_23639,ASCUS,0.904306,ASCUS,0.90996826,250.532349,235.501007,430.481934,366.831451
48600_23639,ASCUS,0.523457,ASCUS,0.98083925,143.851959,141.375824,311.603271,299.859680
21848_41271,ASCUS,0.989607,ASCUS,0.99981767,234.705856,198.776428,333.165558,322.962708
27320_29719,ASCUS,0.971463,ASCUS,0.8224706,116.653557,12.176270,294.993500,191.162109
27320_29719,ASCUS,0.210920,ASCUS,0.9999578,374.870850,324.466888,464.810730,469.235870
20024_24855,ASCUS,0.891351,ASCUS,0.9186256,261.894348,127.057983,403.691284,283.037994
35224_22423,ASCUS,0.990745,ASCUS,0.9871193,246.330566,94.599930,450.571350,279.173645
34616_26679,ASCUS,0.034816,ASCUS,0.99800235,27.839905,52.935707,210.499557,250.770660
35224_12087,ASCUS,0.946160,ASCUS,0.7650153,388.257874,314.047913,515.438782,480.728577
17592_7831,ASCUS,0.665833,ASCUS,0.9999838,140.851074,458.080627,286.938293,524.075623
27928_37015,ASCUS,0.982806,ASCUS,0.99937844,6.685059,200.487244,209.638336,386.728638
46776_30327,ASCUS,0.817791,ASCUS,0.9993088,193.216965,192.480896,279.159424,376.929810
46776_30327,ASCUS,0.710504,ASCUS,0.98970467,176.919891,355.581177,376.164154,451.714844
46776_30327,ASCUS,0.376607,ASCUS,0.99215955,556.459167,372.556030,608.000000,485.219482
14552_49175,ASCUS,0.995290,ASCUS,0.9999329,310.995148,20.563232,483.972931,164.030319
23672_22423,ASCUS,0.051489,ASCUS,0.99989235,216.821106,341.238953,417.393005,437.501526
23672_22423,ASCUS,0.999872,ASCUS,0.9999658,323.390930,427.809631,504.675720,608.000000
11512_20599,ASCUS,0.978553,ASCUS,0.61948323,228.535706,100.451569,502.293335,370.556824
46168_29111,ASCUS,0.017429,ASCUS,0.9999896,1.000000,50.558990,399.645996,380.264984
46168_29111,ASCUS,0.812697,ASCUS,0.9805243,380.142700,384.747559,494.307495,519.744629
43128_26071,ASCUS,0.720549,ASCUS,0.99995506,259.350708,63.817795,380.394104,171.722534
43128_26071,ASCUS,0.814187,ASCUS,0.7904749,124.854034,480.235352,270.457275,585.006226
12120_40055,ASCUS,0.278752,ASCUS,0.9451662,144.665451,24.075645,311.847534,145.282715
12120_40055,ASCUS,0.826020,ASCUS,0.9967874,1.000000,7.941406,217.153564,145.607193
13944_49783,ASCUS,0.011795,LSIL,0.96011496,198.747284,174.893799,434.794281,301.744965
49816_42487,ASCUS,0.995972,ASCUS,0.9997043,408.062408,442.259399,563.083923,607.596313
21848_24855,ASCUS,0.359431,ASCUS,0.99198264,483.165649,257.163635,599.394775,376.785889
32792_12695,ASCUS,0.045819,ASCUS,0.99999917,219.420105,259.311127,382.140747,439.397186
16376_29719,ASCUS,0.095696,ASCUS,0.9996674,12.264366,188.721832,90.346695,256.552277
16376_29719,ASCUS,0.793158,ASCUS,0.99999034,396.126343,456.918549,525.153137,559.807007
16376_29719,ASCUS,0.117943,ASCUS,0.99992776,108.269989,234.610779,255.150848,351.471741
26712_41879,ASCUS,0.173766,ASCUS,0.98394495,15.884682,60.339523,120.027504,205.749893
41912_8439,ASCUS,0.150795,ASCUS,0.9991148,3.204834,16.351067,151.065140,185.835846
16984_47959,ASCUS,0.934849,ASCUS,0.47120965,263.841858,192.324234,405.407410,311.927338
29752_44311,ASCUS,0.326413,ASCUS,0.999933,501.132050,23.291763,567.908142,176.948029
29752_44311,ASCUS,0.994206,ASCUS,0.9996668,96.389404,394.529907,231.282776,589.768250
29752_44311,ASCUS,0.584753,ASCUS,0.7250073,192.043808,234.357254,347.633057,401.030273
37656_38231,ASCUS,0.146507,ASCUS,0.6717203,253.486206,301.365570,460.234070,460.175812
6648_20599,ASCUS,0.403538,ASCUS,0.9823928,386.117218,223.987503,583.806641,361.502136
6648_20599,ASCUS,0.990509,ASCUS,0.9977689,101.348900,39.701202,262.718323,181.331482
10904_44919,ASCUS,0.030443,ASCUS,0.60937,159.165924,299.217926,454.786469,551.755249
10904_44919,ASCUS,0.107971,ASCUS,0.8485837,75.094482,213.856491,588.931335,579.023499
10904_44919,ASCUS,0.538387,ASCUS,0.60668665,368.924683,266.399597,546.779541,491.014954
18200_15735,ASCUS,0.361287,ASCUS,0.9914881,315.227875,286.352356,431.721588,396.570374
37048_9655,ASCUS,0.963647,ASCUS,0.9930155,388.338837,381.128448,608.000000,608.000000
37048_9655,ASCUS,0.369377,ASCUS,0.998147,90.836037,255.394592,188.570587,394.406494
37048_9655,LSIL,0.221381,LSIL,0.52262497,365.284241,367.124573,608.000000,592.183533
14552_47351,ASCUS,0.994943,ASCUS,0.99260396,262.415558,156.769394,424.907379,315.489136
37656_27895,ASCUS,0.790600,ASCUS,0.99978715,73.477020,129.620087,148.756912,212.198700
44344_27895,ASCUS,0.494899,ASCUS,0.9874964,279.569916,187.073303,464.474030,350.572327
3608_32759,ASCUS,0.533798,ASCUS,0.998409,157.837189,126.874496,406.842133,301.592834
3608_32759,ASCUS,0.408148,ASCUS,0.87774533,106.940834,376.152924,272.218842,514.747986
7256_19383,ASCUS,0.131372,ASCUS,0.9945522,309.072144,308.170380,467.928467,390.843781
7256_19383,ASCUS,0.439287,ASCUS,0.9869664,309.026459,221.559006,500.149078,330.784790
7256_19383,ASCUS,0.098517,ASCUS,0.7921836,168.985550,108.062813,351.227417,239.546082
13336_41271,ASCUS,0.999426,ASCUS,0.99863017,412.252258,276.526825,555.209106,436.188690
38872_13303,ASCUS,0.495388,ASCUS,0.99280035,239.176514,96.406181,412.719482,249.422913
34616_34583,ASCUS,0.837720,ASCUS,0.6854459,517.868713,272.585968,599.617371,394.248138
34616_34583,ASCUS,0.768477,ASCUS,0.4455238,521.990662,374.238037,606.977722,500.956665
34616_34583,ASCUS,0.156547,ASCUS,0.9974099,85.106239,1.000000,214.565979,57.472267
32792_49175,ASCUS,0.765750,ASCUS,0.99870193,285.990173,339.184143,508.000000,457.092468
24888_30327,ASCUS,0.203086,ASCUS,0.99979645,479.952087,174.340973,601.544373,314.527527
24888_30327,ASCUS,0.542498,ASCUS,0.998422,1.000000,484.109467,228.242950,564.080994
17592_9655,ASCUS,0.447754,ASCUS,0.9972709,2.921707,275.986084,104.398903,437.714905
32792_50999,ASCUS,0.785322,ASCUS,0.99210525,198.937469,75.056198,307.828735,175.553818
32792_50999,ASCUS,0.778730,ASCUS,0.9559751,304.329529,111.662834,442.282532,202.016815
32792_50999,ASCUS,0.990510,ASCUS,0.9852048,264.726532,26.848328,401.503448,127.495590
40088_46743,ASCUS,0.296935,ASCUS,0.91387874,338.294464,71.153442,535.026428,242.963684
40088_46743,ASCUS,0.602797,ASCUS,0.9984889,17.512512,387.230835,168.818924,535.126953
29752_24247,ASCUS,0.995793,ASCUS,0.9999839,185.822235,9.232155,272.799896,176.149536
29752_24247,ASCUS,0.929612,ASCUS,0.9995815,1.921333,359.977722,232.255157,496.544495
28536_47351,ASCUS,0.830139,ASCUS,0.9999298,7.587166,224.683701,177.859131,311.439575
28536_47351,ASCUS,0.032081,ASCUS,0.98004824,93.678123,566.729187,204.947968,608.000000
7864_41879,ASCUS,0.815684,ASCUS,0.99740475,445.807251,170.414825,558.978455,303.714844
9080_34583,ASCUS,0.880839,ASCUS,0.9996573,34.227196,384.595764,270.508881,596.297302
9080_34583,ASCUS,0.066903,ASCUS,0.99976355,59.625069,106.530785,190.644836,288.721558
43128_12695,ASCUS,0.033641,ASCUS,0.9993468,121.014023,1.000000,423.437073,608.000000
13944_13303,ASCUS,0.967341,ASCUS,0.9935994,471.867523,170.457504,591.268005,383.399048
13944_13303,ASCUS,0.910967,ASCUS,0.99938476,122.205948,508.693787,187.232346,592.706970
13944_13303,ASCUS,0.792610,ASCUS,0.99187475,109.381775,414.343872,176.405609,505.154114
13944_13303,ASCUS,0.328693,ASCUS,0.99928975,53.972153,530.852234,115.478897,595.747620
13944_13303,ASCUS,0.125752,ASCUS,0.97572464,52.251644,453.632568,120.795059,533.706543
13944_13303,ASCUS,0.067008,ASCUS,0.96965134,129.373352,10.413849,296.825073,160.070312
33400_22423,ASCUS,0.542396,ASCUS,0.99982506,72.712891,236.989456,329.130157,460.422852
33400_22423,ASCUS,0.118241,ASCUS,0.9751285,314.423065,374.828949,479.331879,515.978394
12120_19991,ASCUS,0.973084,ASCUS,0.48332283,107.726799,352.481995,362.285339,608.000000
9688_43095,ASCUS,0.982439,ASCUS,0.8888594,409.820160,152.750336,592.556702,301.891235
9688_43095,ASCUS,0.102695,ASCUS,0.99152774,336.023376,252.174530,522.180786,398.572235
40696_30327,ASCUS,0.054246,ASCUS,0.98625946,43.857147,318.944489,229.005585,530.939697
3608_35191,ASCUS,0.058997,ASCUS,0.6159347,488.588135,416.660248,606.798950,521.894775
26712_27895,ASCUS,0.931849,ASCUS,0.9998777,409.277893,364.802399,499.095093,495.676300
4216_23639,ASCUS,0.272722,ASCUS,0.9991596,291.621643,298.960358,438.371826,385.515533
4216_23639,ASCUS,0.908297,LSIL,0.99262005,16.915375,53.859016,186.899200,279.662262
4216_23639,LSIL,0.979520,LSIL,0.9718677,275.522522,369.867035,437.345093,532.137573
4216_23639,LSIL,0.861173,LSIL,0.999042,223.666458,339.357788,346.211243,486.039856
49816_18167,ASCUS,0.060513,ASCUS,0.96974695,364.150208,258.470062,542.399475,491.641632
42520_9655,ASCUS,0.549721,ASCUS,0.69862694,180.439270,386.527527,391.162231,504.007141
23064_5399,ASCUS,0.170549,ASCUS,0.9698297,251.949890,233.207855,444.794983,368.733978
23064_5399,ASCUS,0.623307,ASCUS,0.9459276,188.320938,475.255005,288.559998,606.757324
29752_35799,ASCUS,0.859809,ASCUS,0.54782623,457.335632,134.235901,578.570251,245.193573
29752_35799,ASCUS,0.006294,LSIL,0.88498676,479.704987,457.174530,604.708984,608.000000
40088_18167,ASCUS,0.642405,ASCUS,0.9993987,388.589294,261.223083,550.020142,404.203613
22456_8439,ASCUS,0.041853,ASCUS,0.91539973,277.133209,19.035416,437.774078,183.968262
10904_18167,ASCUS,0.060755,ASCUS,0.9854541,382.250610,19.831741,554.736206,151.096222
48600_14519,ASCUS,0.368402,ASCUS,0.9999466,426.793854,334.834442,608.000000,554.151245
44344_10263,ASCUS,0.096713,ASCUS,0.9929548,321.873596,83.376404,556.531311,346.533142
44344_10263,ASCUS,0.509191,ASCUS,0.9872321,322.859253,1.000000,503.832703,107.522972
44344_10263,ASCUS,0.138291,ASCUS,0.7564153,108.784210,376.006958,292.083771,606.950012
52856_35799,ASCUS,0.713879,ASCUS,0.8399803,187.342789,117.082092,364.873779,307.439484
52856_35799,ASCUS,0.588547,ASCUS,0.70422864,358.295044,6.014511,608.000000,327.299683
46776_35799,ASCUS,0.011202,ASCUS,0.9999695,356.876770,247.094757,501.576050,419.050812
13944_41879,ASCUS,0.999468,ASCUS,0.9999838,345.297211,88.543770,497.690155,212.175385
10904_16343,ASCUS,0.027590,LSIL,0.52957344,51.462681,214.672470,149.425751,323.036530
49208_34583,ASCUS,0.982295,ASCUS,0.64528686,60.092636,67.132675,220.936569,201.239059
30360_9655,ASCUS,0.313850,ASCUS,0.99977964,160.142487,479.115448,329.609985,602.898254
52248_33975,ASCUS,0.952885,ASCUS,0.96166617,88.199333,208.924042,241.633179,374.814362
44952_15735,ASCUS,0.682897,ASCUS,0.9825607,68.153580,1.000000,535.994202,208.168823
44952_15735,ASCUS,0.534712,ASCUS,0.9961687,357.628235,335.234619,481.359009,474.301453
41912_15127,ASCUS,0.793223,ASCUS,0.9950323,6.222733,179.740326,203.185272,416.394562
35224_26071,ASCUS,0.998776,ASCUS,0.99846834,11.917152,40.972183,157.768982,163.494644
29752_18167,ASCUS,0.990153,ASCUS,0.99696034,408.063873,1.000000,605.744751,318.656494
29752_18167,ASCUS,0.118284,ASCUS,0.5004857,249.385468,1.000000,440.018890,250.151535
18808_38839,ASCUS,0.110570,ASCUS,0.99696225,211.610870,1.000000,373.536530,103.993149
38872_32759,ASCUS,0.095158,ASCUS,0.8080798,457.434570,237.321045,608.000000,479.114929
43128_46743,LSIL,0.706623,LSIL,0.96372586,61.153267,140.611298,311.713654,451.943939
44952_18167,ASCUS,0.987216,ASCUS,0.8467753,50.953110,317.969177,245.938583,425.619080
25496_35799,ASCUS,0.951313,ASCUS,0.9999813,111.747772,250.489532,237.195587,399.137970
25496_35799,ASCUS,0.777960,ASCUS,0.9974698,509.556641,1.374832,603.743286,136.813492
29752_23031,ASCUS,0.971943,ASCUS,0.99969244,301.243286,215.270676,525.701294,321.695984
29752_23031,ASCUS,0.954984,ASCUS,0.999858,106.219604,232.601868,224.153992,320.657349
15768_30327,ASCUS,0.965155,ASCUS,0.9997521,390.336853,118.127846,608.000000,210.948273
15768_30327,ASCUS,0.569704,ASCUS,0.9966871,4.233932,189.100067,228.982697,333.482635
15768_30327,ASCUS,0.434907,ASCUS,0.9748668,370.705017,463.536133,582.365295,608.000000
44952_37623,ASCUS,0.647820,ASCUS,0.9234315,114.977242,345.890137,293.504089,497.629395
17592_45527,ASCUS,0.966520,ASCUS,0.99996674,124.959610,87.397888,332.735474,273.996429
47992_29111,ASCUS,0.384380,ASCUS,0.99960333,454.101318,360.404846,560.227600,512.408997
7256_37623,ASCUS,0.993927,ASCUS,0.9999881,255.894821,184.396622,604.467590,510.755493
30968_6007,ASCUS,0.937784,ASCUS,0.9999639,160.502914,49.173279,262.354340,155.258743
30968_6007,ASCUS,0.146415,ASCUS,0.9997867,366.150360,198.339249,492.184845,291.137482
24888_9655,ASCUS,0.188384,ASCUS,0.9838976,208.897888,31.728249,313.400208,243.492249
24888_9655,ASCUS,0.112933,ASCUS,0.8442713,296.306732,138.649368,398.692047,320.903687
24888_9655,ASCUS,0.079699,ASCUS,0.9985209,484.962128,551.889587,596.269775,608.000000
23672_6007,ASCUS,0.541778,ASCUS,0.9995586,179.730469,378.481110,343.245483,544.394287
23672_6007,ASCUS,0.234114,ASCUS,0.94430244,66.502869,358.778931,217.747772,466.438354
4216_29111,ASCUS,0.006632,ASCUS,0.9993955,355.529602,209.162292,518.184326,364.131104
6040_22423,ASCUS,0.227774,ASCUS,0.9991391,24.483028,31.145073,146.147980,236.200623
6040_22423,ASCUS,0.068317,ASCUS,0.94960356,379.558502,191.743835,542.322632,329.812561
6040_22423,ASCUS,0.656702,ASCUS,0.9797268,85.991264,236.479095,244.878326,399.029022
47384_32151,ASCUS,0.386511,ASCUS,0.99991035,448.765076,18.012356,584.239075,136.041412
49208_28503,ASCUS,0.390761,ASCUS,0.78147775,80.334892,367.567352,282.032227,489.915009
37656_45527,ASCUS,0.006179,ASCUS,0.5834307,343.480865,356.897156,571.487061,608.000000
18808_31543,ASCUS,0.065810,ASCUS,0.9999994,58.848328,468.376526,209.262329,584.308655
22456_40055,ASCUS,0.888442,ASCUS,0.99991536,374.045807,438.379211,518.056702,549.847717
47384_17559,ASCUS,0.452175,ASCUS,1.0,214.058411,53.336990,385.565979,194.699677
47384_17559,ASCUS,0.134014,ASCUS,0.99909484,373.200287,300.303772,531.880737,445.508362
26104_24855,ASCUS,0.069522,ASCUS,0.9999957,463.492279,1.230793,587.236938,104.439941
30360_18167,ASCUS,0.789151,ASCUS,0.99611276,205.192978,331.183350,378.619751,480.753052
30360_18167,ASCUS,0.063783,ASCUS,0.99976295,259.999023,205.407028,439.243469,316.906158
41304_15127,ASCUS,0.769489,ASCUS,0.97773755,258.411713,235.681793,528.020020,420.533356
35224_43095,ASCUS,0.991216,ASCUS,0.9948461,430.818665,65.730309,603.237732,248.054535
35224_43095,ASCUS,0.020414,LSIL,0.99612314,7.279442,308.998779,205.928223,571.314941
16376_28503,ASCUS,0.769152,ASCUS,0.71493095,176.121887,70.819832,312.503845,243.302246
16376_28503,ASCUS,0.059512,ASCUS,0.9996766,142.613800,1.000000,251.285492,93.569832
15768_41271,ASCUS,0.806802,ASCUS,0.9999958,256.873016,427.160645,361.556366,490.633667
27928_21815,ASCUS,0.110862,ASCUS,0.99915886,493.754944,160.869720,605.457092,279.296204
27928_21815,ASCUS,0.946015,ASCUS,0.94155765,3.618217,33.571289,150.956909,201.808212
15160_13303,ASCUS,0.514846,ASCUS,0.99998105,309.906860,402.282074,513.306763,538.407715
4824_21207,ASCUS,0.556112,ASCUS,0.9962178,421.150909,401.116577,532.714111,555.343079
27320_38839,ASCUS,0.487948,ASCUS,0.98719203,163.821655,486.286438,373.351807,596.150085
27320_38839,ASCUS,0.137280,ASCUS,0.99993455,11.252502,395.991852,109.533234,494.494354
10296_22423,ASCUS,0.859958,ASCUS,0.9713217,24.479683,127.105721,193.661957,251.413788
10296_22423,ASCUS,0.896649,ASCUS,0.99993193,132.888947,41.593193,244.750305,178.146301
40696_19383,ASCUS,0.290151,ASCUS,0.66306436,101.483002,255.243439,403.192993,332.141998
40696_19383,ASCUS,0.066364,ASCUS,0.9568134,88.510025,291.882721,441.420776,397.815033
40696_19383,ASCUS,0.791726,ASCUS,0.9183535,61.970337,1.000000,338.190063,287.768188
40088_40663,ASCUS,0.745171,ASCUS,0.99999976,357.954041,254.453857,564.528992,442.624939
40088_40663,ASCUS,0.044013,ASCUS,0.9895062,446.879791,15.504440,602.789917,187.022934
28536_43703,ASCUS,0.250587,ASCUS,0.99999356,67.428299,274.204132,165.933517,456.027863
21848_46743,ASCUS,0.789208,ASCUS,0.9994023,107.521820,17.913460,270.359283,225.191620
20024_42487,ASCUS,0.932661,ASCUS,0.6045748,244.742096,9.921494,420.230927,177.745392
20024_42487,ASCUS,0.400796,ASCUS,0.94071776,1.000000,315.319366,89.840034,464.508881
20024_42487,ASCUS,0.123988,ASCUS,0.9934701,350.923706,136.960175,461.582092,237.319550
50424_42487,ASCUS,0.592020,ASCUS,0.96540236,197.292572,134.225815,518.360229,297.570190
16376_23031,ASCUS,0.993415,ASCUS,0.9975383,265.227264,1.968880,413.029083,154.497894
21848_47959,ASCUS,0.910830,ASCUS,0.98985296,104.376831,265.908112,181.286865,347.702179
53464_31543,ASCUS,0.157481,ASCUS,0.9751067,161.218781,301.410034,328.172913,461.559570
43736_22423,ASCUS,0.008210,ASCUS,0.57946855,51.297241,390.347778,215.071716,514.979797
25496_4791,ASCUS,0.006211,ASCUS,0.96101105,405.759583,103.009911,485.318726,179.305176
25496_4791,ASCUS,0.006770,ASCUS,0.7159226,334.568054,63.905804,412.330994,124.085281
27928_38231,ASCUS,0.053990,ASCUS,0.9973571,456.004730,66.882507,578.101013,168.557587
10296_37623,ASCUS,0.610348,ASCUS,0.9816409,475.571136,145.310791,590.074768,297.166351
10296_37623,ASCUS,0.113466,ASCUS,0.9993088,44.811440,232.975449,173.216431,336.247437
47384_18167,ASCUS,0.999591,ASCUS,0.99419194,281.319855,302.999878,607.596191,513.328613
47384_18167,ASCUS,0.997804,ASCUS,0.9999882,189.489868,366.448578,345.857788,556.190186
47384_18167,ASCUS,0.091517,ASCUS,0.8255457,349.131073,189.866226,556.980591,608.000000
29144_26679,ASCUS,0.811044,ASCUS,0.99383074,129.137665,245.873291,312.366364,404.899536
46776_44919,ASCUS,0.955872,ASCUS,0.99869007,433.612488,364.324585,601.496277,513.279907
18200_9655,ASCUS,0.979450,ASCUS,0.6313542,1.000000,229.904907,201.159027,435.208313
18200_9655,ASCUS,0.771886,ASCUS,0.9999559,361.420776,375.235931,529.501587,466.556610
15160_21207,ASCUS,0.029930,ASCUS,0.9999068,396.848541,16.281895,463.169830,102.666092
35832_49783,ASCUS,0.803707,ASCUS,0.80678844,1.000000,83.713005,143.658356,247.232483
29144_24247,ASCUS,0.653895,ASCUS,0.9999851,487.229187,140.224564,580.123718,302.255310
34008_32151,ASCUS,0.274620,ASCUS,0.85371673,343.549194,37.188431,514.866333,183.349335
26712_46135,ASCUS,0.565364,ASCUS,0.9455281,56.973213,436.267273,257.432617,596.538147
40696_21815,ASCUS,0.903102,ASCUS,0.999592,13.174866,324.314575,123.853348,435.761292
28536_11479,ASCUS,0.121368,ASCUS,0.9854081,1.000000,494.986786,178.309402,602.211060
44344_22423,ASCUS,0.024000,ASCUS,0.5961959,10.779861,2.900093,260.691101,201.466583
44344_22423,ASCUS,0.800824,LSIL,0.6672792,277.453003,229.570160,467.419617,387.463959
44344_22423,ASCUS,0.032683,LSIL,0.80981714,8.319969,551.520630,112.410103,608.000000
47384_24855,ASCUS,0.290975,ASCUS,0.9999981,12.894257,151.700394,126.431747,307.241516
47384_24855,ASCUS,0.971088,ASCUS,0.97179294,363.993988,281.170288,541.153931,480.057861
47384_24855,ASCUS,0.772023,ASCUS,0.99192435,279.364899,218.264450,434.533112,382.379639
7864_27895,ASCUS,0.712481,ASCUS,0.9999994,443.416626,450.789276,577.530396,534.371399
13336_35799,ASCUS,0.361332,ASCUS,0.9948259,329.745880,478.952148,528.056152,603.822510
34008_7831,ASCUS,0.167565,ASCUS,0.9812794,319.015137,430.011536,411.058350,575.350525
34008_7831,ASCUS,0.434966,ASCUS,0.821525,392.945801,431.435852,464.835693,523.362732
34008_7831,ASCUS,0.926368,ASCUS,0.95319384,433.644958,375.219055,520.672668,467.958618
34008_7831,ASCUS,0.931364,ASCUS,0.99995375,456.041443,463.337036,545.280334,569.520752
34008_7831,ASCUS,0.007292,LSIL,0.9575419,16.972713,229.121185,103.128448,373.115021
48600_43095,ASCUS,0.488244,ASCUS,0.9993723,137.288422,487.912842,260.942169,608.000000
48600_43095,ASCUS,0.888949,ASCUS,0.9973489,331.446808,166.714478,526.736633,305.826080
30360_14519,ASCUS,0.981592,ASCUS,0.9999902,323.563721,215.034485,410.201355,342.171875
10904_15127,ASCUS,0.579728,ASCUS,0.973711,118.123856,8.555618,374.053833,167.480484
10904_15127,ASCUS,0.155994,ASCUS,0.9450436,1.000000,113.585503,75.930389,279.732452
32184_51607,ASCUS,0.637912,ASCUS,0.9864595,198.760635,101.942162,370.821228,230.099701
32184_51607,ASCUS,0.972977,ASCUS,0.99513924,203.518738,9.990280,397.970337,142.203217
16984_40663,ASCUS,0.059833,ASCUS,0.9984078,518.679626,140.737869,608.000000,285.254456
34008_43095,ASCUS,0.750272,ASCUS,0.96324724,36.547462,335.070129,214.848236,522.989014
27320_52215,ASCUS,0.996873,ASCUS,0.9983241,64.374359,330.719849,282.495941,466.008301
47384_23639,ASCUS,0.954898,ASCUS,0.992871,199.802643,293.180817,356.769196,407.269562
8472_19991,ASCUS,0.257876,ASCUS,0.9948147,11.494978,307.290100,61.053047,360.159180
8472_19991,ASCUS,0.150262,ASCUS,0.9931352,11.195843,339.926453,94.307541,404.608826
8472_19991,ASCUS,0.092176,ASCUS,0.8797541,9.905762,280.949158,112.056931,402.577942
18808_16343,ASCUS,0.012355,LSIL,1.0,134.551331,313.171875,355.891663,543.571594
29144_27895,ASCUS,0.074705,ASCUS,0.94585836,196.484940,360.273499,306.682617,464.825500
33400_9047,ASCUS,0.111044,ASCUS,0.7736363,431.206421,15.516216,553.813904,138.682510
32792_33367,ASCUS,0.152793,ASCUS,0.9776627,391.217163,198.997925,529.405029,386.760864
35224_16951,ASCUS,0.967245,ASCUS,0.97862625,9.363037,194.983093,298.361816,399.601074
21848_9655,ASCUS,0.403588,ASCUS,0.9347034,523.157104,310.744415,605.411743,467.325897
46168_23031,ASCUS,0.181125,ASCUS,0.7384908,249.319336,419.787079,429.765015,598.245239
25496_50999,ASCUS,0.885194,ASCUS,0.99999964,1.000000,144.851837,254.502167,391.858978
44952_25463,ASCUS,0.007311,ASCUS,0.99292266,142.332932,302.870392,608.000000,571.826538
27928_42487,ASCUS,0.156252,ASCUS,0.611004,294.613892,7.099022,482.401550,194.653625
43128_39447,ASCUS,0.970936,ASCUS,0.97439605,345.688812,407.924072,498.773346,592.682373
26712_16343,ASCUS,0.891964,ASCUS,0.99656326,151.849365,165.302826,270.505981,325.971985
19416_7223,ASCUS,0.574890,ASCUS,0.9990976,266.520691,261.987427,546.484741,491.155151
19416_7223,ASCUS,0.420346,ASCUS,0.9392271,400.343140,3.252296,538.250610,88.563370
19416_7223,ASCUS,0.203271,ASCUS,0.981591,292.739197,1.564671,421.411743,87.545258
37656_52215,ASCUS,0.247846,ASCUS,0.44569066,322.025513,181.314316,521.441833,324.758179
17592_33367,ASCUS,0.466829,ASCUS,0.9992434,151.768982,2.400574,305.719208,137.604767
20632_29719,ASCUS,0.531456,ASCUS,0.93826175,91.602272,95.149872,223.987976,267.029083
18808_21815,ASCUS,0.859836,ASCUS,0.8200591,366.751953,209.365234,603.795532,387.671509
18808_21815,ASCUS,0.825063,ASCUS,0.9998344,195.165756,368.866455,392.190125,521.266174
8472_44311,LSIL,0.199869,LSIL,0.99999535,250.724243,188.389374,350.802429,333.857513
23672_18167,ASCUS,0.243713,ASCUS,0.9996656,203.232880,191.020966,282.437561,250.264160
34008_40663,ASCUS,0.083766,ASCUS,0.99999857,37.644836,6.905556,145.931046,146.465515
8472_18167,ASCUS,0.777818,ASCUS,0.9898907,360.725433,6.051697,579.146912,238.804688
8472_18167,ASCUS,0.011145,LSIL,0.9447667,166.093445,555.385559,227.658173,605.424988
20024_47959,ASCUS,0.981810,ASCUS,0.8777088,411.820496,56.142586,560.534058,226.465149
29144_6615,HSIL,0.274480,HSIL,0.59769,7.964935,226.756241,48.087215,295.758789
45560_43703,ASCUS,0.818489,ASCUS,0.99969006,53.737335,78.949432,276.348053,200.980804
50424_32151,ASCUS,0.594822,ASCUS,0.78126866,367.490753,372.643188,581.093262,569.476196
33400_19991,ASCUS,0.172687,ASCUS,0.9699476,116.393684,370.519592,294.244629,552.334473
46168_27895,ASCUS,0.030550,ASCUS,0.9997211,91.506653,271.147858,171.413940,342.980499
47384_16951,ASCUS,0.085863,ASCUS,0.9948003,197.264740,173.356354,324.820282,301.503662
41304_30327,ASCUS,0.968607,ASCUS,0.95023847,270.764465,330.145874,390.832947,608.000000
41304_30327,ASCUS,0.805582,ASCUS,0.9998553,311.271729,43.907227,499.637695,140.703781
41304_30327,ASCUS,0.057122,ASCUS,0.9999908,402.382172,114.029175,501.655426,229.306091
37656_10263,ASCUS,0.392397,ASCUS,0.99997354,2.506413,283.277100,89.764725,463.702148
51640_24247,ASCUS,0.213140,ASCUS,0.98392266,2.013466,98.425629,182.176605,333.704865
51640_24247,ASCUS,0.122186,ASCUS,0.9997907,412.841553,376.396729,490.456360,546.663208
29144_50391,ASCUS,0.997257,ASCUS,0.87243843,309.043549,169.356079,605.773438,398.432495
24888_26679,ASCUS,0.995254,ASCUS,0.999057,260.712250,42.025650,404.677216,223.500961
33400_46135,ASCUS,0.690976,ASCUS,0.8820397,5.607529,434.919708,211.270554,598.776733
33400_46135,ASCUS,0.057050,ASCUS,0.7636884,293.412079,301.891449,500.658966,443.554718
32184_52215,ASCUS,0.997249,ASCUS,0.9999535,378.342041,217.282501,603.178894,443.258026
21240_19991,ASCUS,0.381356,ASCUS,0.9252679,17.580124,223.859131,184.750046,377.835083
21240_19991,ASCUS,0.279636,ASCUS,0.9998425,250.318573,33.110794,535.949219,300.342102
5432_26679,ASCUS,0.696331,ASCUS,0.9952571,109.583237,120.327568,395.987732,210.213104
5432_26679,ASCUS,0.919840,ASCUS,0.99999774,258.829315,340.439362,372.769989,482.964813
41912_37623,ASCUS,0.882717,ASCUS,0.9996774,3.718956,2.945244,152.507599,165.297424
41912_37623,ASCUS,0.506471,ASCUS,0.9976421,49.593430,216.080963,350.959106,417.596527
17592_37623,ASCUS,0.940167,ASCUS,0.87550956,399.208099,370.376953,541.061340,569.762878
17592_37623,ASCUS,0.111304,ASCUS,0.8334221,168.865234,358.703857,338.290405,484.243164
12728_14519,ASCUS,0.080117,ASCUS,0.9994159,287.448456,87.048607,413.456085,243.389923
17592_22423,ASCUS,0.208676,ASCUS,0.99738234,281.639221,477.337372,350.961304,556.028992
17592_22423,ASCUS,0.087703,ASCUS,0.9990736,399.546082,72.691933,539.348267,296.500000
22456_14519,ASCUS,0.157138,ASCUS,0.99327457,469.840546,139.732376,608.000000,457.805359
22456_14519,ASCUS,0.110252,ASCUS,0.9995147,169.867310,287.621368,258.769440,443.287079
15768_30935,ASCUS,0.997025,ASCUS,0.9963399,199.010529,331.596313,394.472321,589.155396
34008_47959,ASCUS,0.179006,ASCUS,0.9995732,18.947556,2.998184,164.553467,115.044907
34008_47959,ASCUS,0.006944,ASCUS,0.9999912,1.547112,365.306976,152.335999,461.054535
34008_47959,ASCUS,0.847273,ASCUS,0.9581363,177.293457,1.000000,556.278564,379.897400
37048_36407,ASCUS,0.928002,ASCUS,0.5644102,405.816040,114.372635,532.030579,310.454346
45560_39447,ASCUS,0.726736,ASCUS,0.99662906,82.588951,1.000000,229.293396,216.239883
45560_39447,ASCUS,0.050432,ASCUS,0.98785174,438.450623,187.590820,608.000000,350.516907
42520_25463,ASCUS,0.164765,ASCUS,0.9995184,277.499664,1.000000,378.487457,608.000000
42520_25463,ASCUS,0.239373,ASCUS,0.82362884,220.388580,174.894592,408.984344,514.426086
42520_25463,ASCUS,0.006328,ASCUS,0.9998983,273.697021,1.000000,608.000000,253.280548
26712_7223,ASCUS,0.923607,ASCUS,0.783529,111.887741,429.722351,203.137497,572.824341
26712_7223,ASCUS,0.730869,ASCUS,0.8481682,29.382259,448.135010,127.039795,588.575073
26712_7223,ASCUS,0.068869,ASCUS,0.78731024,454.425751,208.711182,608.000000,345.086304
52248_26679,ASCUS,0.010787,ASCUS,0.9996526,15.723671,71.068970,219.582092,330.217133
35832_35799,ASCUS,0.064778,ASCUS,0.98151624,1.000000,161.613495,87.607452,346.425629
13944_10263,ASCUS,0.353889,ASCUS,0.53371656,453.535889,366.677429,608.000000,539.501160
5432_33367,ASCUS,0.955996,ASCUS,0.99877053,221.052017,325.205902,379.220825,515.790405
4824_26679,ASCUS,0.187860,ASCUS,0.95880455,37.544312,132.518188,212.233185,310.344666
4824_26679,ASCUS,0.198573,ASCUS,0.71599984,522.004761,116.831940,607.781494,262.044617
13336_38839,ASCUS,0.061409,LSIL,0.5670067,60.197960,59.819839,237.915802,205.417099
18808_15127,ASCUS,0.227982,ASCUS,0.9996637,322.792023,349.850342,456.096954,446.656433
18808_15127,ASCUS,0.143716,ASCUS,0.9950075,287.798584,430.631104,458.096252,603.262939
24888_35799,ASCUS,0.996124,ASCUS,0.9999919,70.914291,66.178757,177.931885,202.397690
28536_26071,ASCUS,0.772906,ASCUS,0.9861058,123.417320,148.427780,334.112579,246.693039
22456_10871,ASCUS,0.990849,ASCUS,0.9999312,140.258667,268.745087,302.189819,367.916840
29752_29719,ASCUS,0.161519,ASCUS,0.79799205,89.531403,84.433975,313.567383,280.389038
29144_36407,ASCUS,0.140066,ASCUS,0.99300754,73.710754,146.072769,256.039429,264.290833
29144_36407,ASCUS,0.356885,ASCUS,0.9999999,425.751099,23.905258,549.222229,225.977951
29144_36407,ASCUS,0.992618,ASCUS,0.99991035,234.736847,158.139435,367.184235,316.232574
44952_35799,ASCUS,0.086391,ASCUS,0.99997973,103.317535,285.536957,366.061005,535.584961
44952_35799,ASCUS,0.094750,ASCUS,0.9013075,357.229004,275.497040,519.028442,604.386353
9080_41271,ASCUS,0.386846,ASCUS,0.99950397,387.671936,1.000000,518.197937,90.623093
43128_41879,ASCUS,0.973046,ASCUS,0.9999907,324.627533,273.556000,450.653900,373.491913
13336_21815,ASCUS,0.845828,ASCUS,0.99271,316.122070,253.742279,448.383606,458.935638
33400_34583,ASCUS,0.810760,ASCUS,0.9999945,159.963898,336.706116,434.261017,603.699158
33400_34583,ASCUS,0.094064,ASCUS,0.9999939,6.722725,262.085236,133.828857,372.655365
26712_54647,ASCUS,0.160021,ASCUS,0.93028945,436.563965,19.041969,582.060242,133.087433
31576_16951,ASCUS,0.612396,ASCUS,0.9978801,164.643829,228.789185,307.777252,390.902893
31576_16951,ASCUS,0.060459,ASCUS,0.9996989,397.392914,493.520203,523.540405,606.701721
25496_12087,ASCUS,0.548818,ASCUS,0.99379987,469.942657,13.960266,608.000000,290.559875
43128_22423,ASCUS,0.036680,ASCUS,0.92068636,53.766808,93.786324,226.780090,272.715576
4824_32151,ASCUS,0.634686,ASCUS,0.9996006,369.399841,22.572250,518.932861,113.492249
34008_15735,ASCUS,0.093141,ASCUS,0.8464107,152.140518,351.190308,303.616577,505.160583
51032_37623,ASCUS,0.587990,ASCUS,0.9962639,208.085175,29.491768,327.343475,172.795959
9688_28503,ASCUS,0.766382,ASCUS,0.94420236,445.222168,8.234818,587.849121,210.526657
9688_28503,ASCUS,0.991446,ASCUS,0.9998901,155.196716,278.228790,384.188232,400.669464
43128_49175,ASCUS,0.107158,ASCUS,0.94684356,1.000000,1.000000,608.000000,558.164307
43128_49175,ASCUS,0.017911,ASCUS,0.9998627,276.949860,184.736252,501.112457,304.243652
4824_24855,ASCUS,0.226128,ASCUS,0.68774724,82.108688,469.828735,279.490723,580.678833
4824_24855,ASCUS,0.618969,ASCUS,0.8359706,24.956787,34.106133,240.463654,199.422485
4824_24855,ASCUS,0.173249,ASCUS,0.7569412,508.330566,42.360954,586.646606,174.549500
35832_33367,ASCUS,0.991952,ASCUS,0.99857426,147.789948,342.509033,358.679840,516.904785
21240_12695,ASCUS,0.252272,ASCUS,0.99859816,493.231293,323.722260,608.000000,471.079376
24888_11479,ASCUS,0.999777,ASCUS,0.999635,236.201233,388.570984,431.214233,503.826111
26712_24855,ASCUS,0.058795,ASCUS,0.9903252,165.943024,486.768555,358.041779,594.932373
23064_45527,ASCUS,0.999397,ASCUS,0.99995244,425.562927,73.735733,608.000000,355.600891
23064_45527,ASCUS,0.184438,ASCUS,0.9314138,296.441467,343.200684,459.115662,608.000000
27928_44919,ASCUS,0.661606,ASCUS,0.99882835,187.417847,455.859985,381.175476,594.961426
7256_38839,ASCUS,0.761436,ASCUS,0.71719956,234.684692,92.325516,336.216064,221.991989
7256_38839,ASCUS,0.011806,LSIL,0.87799615,185.087845,184.587341,368.830139,305.560120
7256_38839,ASCUS,0.007340,LSIL,0.694016,238.551331,127.655357,362.374451,264.685333
32184_27287,ASCUS,0.749329,ASCUS,0.99653614,333.668945,137.820847,511.533203,457.346252
41304_12087,ASCUS,0.855274,ASCUS,0.99961275,105.689087,398.934326,223.308411,541.039246
41304_12087,ASCUS,0.586804,ASCUS,0.9870521,49.645927,518.779785,215.678589,597.196289
41304_12087,ASCUS,0.239560,ASCUS,0.99029607,40.752251,448.894928,162.384613,568.645081
9080_13911,ASCUS,0.068357,ASCUS,0.9831995,83.602203,135.377380,353.612366,324.665009
33400_53431,ASCUS,0.319881,ASCUS,0.93719906,421.534210,71.388840,563.358154,193.726334
33400_53431,ASCUS,0.120446,ASCUS,0.9838436,99.537636,433.254517,197.311249,600.499268
12728_21207,ASCUS,0.992519,ASCUS,0.9997775,168.951813,281.469971,383.307465,463.875122
35224_38839,ASCUS,0.079068,ASCUS,0.97303265,512.259705,552.926880,602.641663,608.000000
11512_39447,ASCUS,0.014044,ASCUS,0.99997044,409.603760,265.057068,605.066223,523.645325
4216_30935,ASCUS,0.975540,ASCUS,0.99910706,326.229645,384.950104,530.881775,504.125519
29752_23639,ASCUS,0.091970,ASCUS,0.4989446,169.018005,277.317139,384.357727,420.879211
22456_53431,ASCUS,0.106759,ASCUS,0.5673949,1.000000,144.770203,209.116669,356.634766
22456_53431,ASCUS,0.964174,ASCUS,0.99997926,428.185455,61.333519,528.020142,159.729095
32792_53431,ASCUS,0.136407,ASCUS,0.99127895,417.889526,427.077332,517.114258,604.367004
37656_19991,ASCUS,0.554746,ASCUS,0.83683693,304.159393,182.554855,472.933014,336.923523
12728_41271,ASCUS,0.998932,ASCUS,0.9937448,62.882805,121.772697,236.913391,305.179382
43128_35191,ASCUS,0.679669,ASCUS,0.9999118,423.836365,1.000000,577.698608,73.939629
43128_35191,ASCUS,0.617983,ASCUS,0.9677411,428.396362,60.389633,605.966797,140.816040
40696_44919,ASCUS,0.202711,ASCUS,0.98629653,8.358093,41.046173,180.204712,209.801468
40696_44919,ASCUS,0.812519,ASCUS,0.9717919,234.248734,466.325745,366.707275,601.253235
40696_44919,ASCUS,0.553734,ASCUS,0.93719923,329.336639,434.363892,465.206329,568.145996
41304_37015,ASCUS,0.865437,ASCUS,0.9999753,243.657074,124.993439,579.585571,548.460205
41304_37015,ASCUS,0.019495,ASCUS,0.99823284,18.249146,354.223663,134.862259,440.970795
10904_41271,ASCUS,0.526420,ASCUS,0.9982127,428.998535,234.289902,558.899902,369.524414
10904_41271,ASCUS,0.054713,ASCUS,0.9996296,550.958557,134.768387,608.000000,292.918518
43128_11479,ASCUS,0.233713,ASCUS,0.999859,225.508575,257.824402,434.925690,523.381409
43128_11479,ASCUS,0.059773,ASCUS,0.99949884,1.000000,127.531975,129.108780,298.087036
51032_37015,ASCUS,0.171278,ASCUS,0.91908437,122.402634,259.154694,237.879257,342.130463
30968_43703,ASCUS,0.994347,ASCUS,0.9892916,105.241096,37.692322,302.299591,327.646088
30968_43703,ASCUS,0.949228,ASCUS,0.99990225,270.150787,414.605743,475.628082,521.682678
46168_36407,ASCUS,0.778670,ASCUS,0.8633789,412.741974,83.126961,566.570923,282.783997
46168_36407,ASCUS,0.361175,ASCUS,0.7940363,20.102951,63.343361,217.986053,307.788635
12728_27895,ASCUS,0.165179,ASCUS,0.99940443,236.701660,23.257690,423.841736,242.736420
10904_35799,ASCUS,0.969167,ASCUS,0.9929061,396.637512,282.196503,477.032166,466.257294
10904_35799,ASCUS,0.316607,ASCUS,0.99989104,15.632957,400.768402,88.407417,554.410828
29752_20599,ASCUS,0.934215,ASCUS,0.91180027,11.512680,10.765533,412.933350,337.618195
29752_13911,ASCUS,0.660172,ASCUS,0.95376277,507.295197,402.978516,606.993164,597.887268
29752_13911,ASCUS,0.949039,ASCUS,0.9460103,158.296738,223.625793,280.403076,425.890625
43128_35799,ASCUS,0.612049,ASCUS,0.9741222,223.485855,414.715332,394.462463,604.579041
40696_36407,ASCUS,0.551658,ASCUS,0.6298593,89.185349,309.634399,205.403366,469.336426
40696_36407,ASCUS,0.996248,ASCUS,0.9971929,132.170120,423.457306,230.740067,563.207153
31576_4791,ASCUS,0.541261,ASCUS,0.9754402,103.323952,375.407043,306.893799,544.885559
31576_4791,ASCUS,0.511968,ASCUS,0.9975647,416.433472,352.920197,562.965454,599.146484
31576_4791,ASCUS,0.221898,ASCUS,0.90626585,119.994843,98.346962,226.039520,264.211609
44952_43703,ASCUS,0.760625,ASCUS,0.9999157,31.034889,1.000000,170.072540,110.225159
44952_43703,LSIL,0.240201,LSIL,0.95247656,400.729584,181.497070,578.527832,423.135376
43128_23639,ASCUS,0.100448,ASCUS,0.96301675,179.450638,288.341827,244.014511,373.401764
34008_19991,ASCUS,0.715951,ASCUS,0.9999895,479.261688,288.108063,601.276123,395.951935
4824_34583,ASCUS,0.978450,ASCUS,0.99926823,20.116150,96.474182,181.086197,234.377625
44952_24855,ASCUS,0.258898,ASCUS,0.9997551,253.414825,298.861877,504.302521,555.837952
7256_29111,ASCUS,0.011053,ASCUS,0.9997675,226.490982,418.985779,309.466461,536.238831
38872_47959,ASCUS,0.875472,ASCUS,0.9999515,426.615540,128.586182,608.000000,371.210876
50424_19383,ASCUS,0.372581,ASCUS,0.9972722,55.185692,407.602051,210.743378,579.150085
13944_38839,ASCUS,0.840496,ASCUS,0.79180807,84.092476,261.634705,261.082825,435.726501
13944_38839,ASCUS,0.161568,ASCUS,0.5255642,351.573975,63.572273,591.115784,303.705627
30968_31543,ASCUS,0.019959,ASCUS,0.9985813,15.818611,27.526756,184.906433,191.724945
20024_43703,ASCUS,0.536963,ASCUS,0.99487936,228.261047,170.676285,403.454895,320.397583
20024_43703,ASCUS,0.486587,ASCUS,0.91702366,139.948441,44.802162,236.392197,173.456360
20024_43703,ASCUS,0.282170,ASCUS,0.56337476,440.699036,256.954651,593.312317,408.225769
20024_43703,ASCUS,0.116423,ASCUS,0.6089401,204.506134,4.690884,333.901398,71.426773
44952_31543,ASCUS,0.086448,ASCUS,0.99994624,447.968201,343.006836,608.000000,497.818848
44952_31543,ASCUS,0.103127,ASCUS,0.95760673,228.963821,304.524445,289.955139,358.294708
51640_32759,ASCUS,0.176478,ASCUS,0.99935967,95.125145,263.243134,167.067993,337.598297
51640_32759,ASCUS,0.097255,ASCUS,0.9989287,115.071915,343.556122,201.629562,419.510651
16984_38839,ASCUS,0.031106,ASCUS,0.9883426,390.570435,7.103531,516.902344,130.120438
15160_18167,ASCUS,0.131359,ASCUS,0.8938241,1.000000,230.596222,136.688263,388.925018
44344_32759,ASCUS,0.039300,ASCUS,0.99809796,99.442360,72.558640,272.660614,332.015930
24280_46743,ASCUS,0.187178,ASCUS,0.9999074,55.819016,35.286613,161.789749,196.780304
12120_14519,ASCUS,0.747672,ASCUS,0.6085439,40.666534,1.000000,306.182220,316.781128
12120_14519,ASCUS,0.295528,ASCUS,0.99798405,62.705345,331.842865,185.723816,477.235809
18200_7223,ASCUS,0.136246,ASCUS,0.9988931,324.584961,93.264816,437.025146,190.940506
9688_38231,ASCUS,0.131515,ASCUS,0.93563503,230.603439,264.485992,490.771973,487.533844
49816_33975,ASCUS,0.343625,ASCUS,0.61018324,370.463135,176.525421,504.220520,331.737518
7256_16951,ASCUS,0.027749,LSIL,0.6241147,157.529465,270.029175,316.753601,411.613220
8472_16343,ASCUS,0.926989,ASCUS,0.9999993,407.385559,369.396301,608.000000,551.839661
29752_34583,ASCUS,0.869013,ASCUS,0.98075837,9.939995,24.166626,157.755737,127.880112
47992_40663,ASCUS,0.090180,ASCUS,0.9325471,413.775909,1.000000,571.146179,239.163010
53464_33975,ASCUS,0.011166,ASCUS,0.99643904,217.710907,243.103745,354.335236,327.688049
38264_21815,ASCUS,0.207589,ASCUS,0.9999181,367.810883,266.005676,490.830292,316.229858
38264_21815,ASCUS,0.081517,ASCUS,0.99924004,240.113571,337.187744,344.970123,424.620911
21848_23031,ASCUS,0.929398,ASCUS,0.990013,278.635498,19.965332,401.634338,148.819534
15160_18775,ASCUS,0.561242,ASCUS,0.9683446,286.307495,203.060776,490.898499,351.463379
27320_6615,ASCUS,0.480358,ASCUS,0.94057643,3.731483,443.835632,165.614471,588.226624
38264_28503,ASCUS,0.036165,ASCUS,0.8907153,460.531769,1.040440,574.296997,89.402939
38264_28503,ASCUS,0.383464,LSIL,0.95793706,401.146057,355.442383,569.382874,488.196289
38264_28503,LSIL,0.572346,LSIL,0.9998568,460.531769,1.040440,574.296997,89.402939
24888_21207,ASCUS,0.113672,ASCUS,0.9991635,540.997620,54.161369,604.927429,228.889343
28536_12695,ASCUS,0.197372,ASCUS,0.96956295,464.231689,313.615845,608.000000,569.407593
28536_12695,ASCUS,0.775968,ASCUS,0.9997807,31.436684,378.761017,208.686401,604.761353
28536_12695,ASCUS,0.087252,ASCUS,0.9935042,167.956848,139.875641,306.904022,222.542542
47992_26679,ASCUS,0.980593,ASCUS,0.9999678,355.403107,205.363983,470.649384,351.344330
28536_51607,ASCUS,0.912592,ASCUS,0.99020773,427.235657,72.967438,608.000000,332.597870
28536_51607,ASCUS,0.900403,ASCUS,0.9952998,27.834045,289.683319,405.399841,436.633942
28536_51607,ASCUS,0.064098,ASCUS,0.994393,273.237061,428.624359,359.729431,573.730469
28536_51607,ASCUS,0.062099,ASCUS,0.9996903,36.244244,445.669495,135.117661,606.340027
18200_13303,ASCUS,0.989244,ASCUS,0.9996007,459.354889,29.893459,607.263672,141.769089
49208_15127,ASCUS,0.008808,ASCUS,0.9786162,38.909836,432.730316,178.578186,608.000000
32792_23639,ASCUS,0.988171,ASCUS,0.9998964,291.625183,229.973053,485.721252,403.030365
32792_23639,ASCUS,0.210912,ASCUS,0.9825331,36.498993,325.649445,214.009888,451.533417
32792_23639,ASCUS,0.168676,ASCUS,0.9999397,66.383385,3.315495,215.917480,70.716324
31576_34583,ASCUS,0.995265,ASCUS,0.9991283,318.756805,231.990295,497.450470,460.966309
31576_34583,ASCUS,0.201268,ASCUS,0.9990983,1.000000,95.371407,141.779541,251.283722
6648_19991,ASCUS,0.141848,ASCUS,0.8592838,454.877319,489.407623,595.629028,606.708496
48600_43703,ASCUS,0.050531,ASCUS,0.9980167,240.920883,303.087402,425.331482,427.201111
16984_43703,ASCUS,0.849270,ASCUS,0.9996165,201.493042,152.943573,385.691895,322.506378
30360_6007,ASCUS,0.120761,ASCUS,0.9854835,26.129959,335.771027,221.816849,489.628326
37656_50391,ASCUS,0.035719,ASCUS,0.8965012,356.117004,422.549286,533.160950,580.941406
37656_50391,ASCUS,0.462416,ASCUS,0.99990773,3.515320,7.522942,166.103821,209.858398
37048_23639,ASCUS,0.888322,ASCUS,0.99928707,204.454590,329.878204,398.895264,444.549835
12728_37015,ASCUS,0.958683,ASCUS,0.70739555,142.423294,295.157867,328.636841,608.000000
12728_37015,ASCUS,0.435752,ASCUS,0.99987566,96.996735,58.689220,313.238861,156.674149
12728_37015,ASCUS,0.246411,ASCUS,0.75459266,518.134155,463.913910,608.000000,603.564575
11512_32759,ASCUS,0.909616,ASCUS,0.975471,172.998535,255.619278,332.976746,411.597351
19416_35799,ASCUS,0.058921,ASCUS,0.99993575,1.000000,290.879852,159.347488,390.131927
19416_35799,ASCUS,0.898564,ASCUS,0.99993706,433.200806,23.180176,503.671692,117.098282
19416_35799,ASCUS,0.267118,ASCUS,0.99977404,24.294518,1.000000,191.032715,140.377716
34008_26071,ASCUS,0.732732,ASCUS,0.97113883,1.000000,442.104553,336.803589,593.120422
34008_26071,ASCUS,0.424476,ASCUS,0.84586054,272.042480,18.209633,442.015808,151.286591
45560_37015,ASCUS,0.616904,ASCUS,0.99289566,78.152817,20.151489,234.780991,182.437378
45560_37015,ASCUS,0.487123,ASCUS,0.98161626,36.442467,80.403778,173.813446,320.321808
34008_30935,ASCUS,0.013530,ASCUS,0.9879183,7.358566,313.964233,199.171494,510.530701
23064_7831,ASCUS,0.284673,ASCUS,0.9923413,311.691742,459.831238,434.741241,573.316956
42520_15735,ASCUS,0.370120,ASCUS,0.66136515,91.072212,84.080093,254.300201,263.773071
24280_10263,ASCUS,0.909373,ASCUS,0.90586424,2.694244,357.285522,266.879364,556.157715
24280_10263,ASCUS,0.923677,ASCUS,0.9972156,253.508789,397.071716,564.820923,608.000000
24280_10263,ASCUS,0.997160,ASCUS,0.99964154,260.963196,161.163040,450.058838,265.695770
20024_29719,ASCUS,0.055859,ASCUS,0.9994362,109.662033,482.492859,300.193787,602.848450
20024_29719,ASCUS,0.994933,ASCUS,0.99771714,376.249695,88.150497,496.020935,195.655045
29752_50391,ASCUS,0.876052,ASCUS,0.999974,5.784889,41.391464,206.835449,426.541931
33400_23031,ASCUS,0.990606,ASCUS,0.9999852,359.442535,292.444214,479.428864,421.016968
33400_23031,ASCUS,0.072984,ASCUS,0.9997043,5.605270,339.543457,130.549820,438.788208
22456_54039,LSIL,0.941385,LSIL,0.96327156,462.060394,23.811913,587.132202,208.598816
29752_44919,ASCUS,0.272048,ASCUS,0.9999702,153.107666,375.860138,306.588715,482.832062
45560_23639,ASCUS,0.691189,ASCUS,0.99973875,205.664200,42.138016,332.398560,190.692123
7256_39447,ASCUS,0.106115,ASCUS,0.51225877,306.852600,301.169617,471.407104,477.706970
43736_45527,ASCUS,0.466280,ASCUS,0.9884624,218.827408,45.384514,301.609619,123.580345
27928_8439,ASCUS,0.668204,ASCUS,0.9883152,94.956848,299.031860,297.691833,462.560181
4824_28503,ASCUS,0.096787,ASCUS,0.9997416,395.124329,1.000000,608.000000,250.518768
4824_28503,ASCUS,0.077961,ASCUS,0.999728,497.726593,519.667725,600.568481,608.000000
32184_19383,ASCUS,0.774181,ASCUS,0.99569124,166.614059,295.386719,335.082825,528.103760
32184_19383,ASCUS,0.844728,ASCUS,0.9999641,317.338379,104.391037,431.743835,260.223755
10904_12087,ASCUS,0.142736,ASCUS,0.93343806,390.949615,153.092590,608.000000,272.790588
28536_13303,ASCUS,0.987787,ASCUS,0.999777,65.064705,427.481995,247.255890,572.684021
28536_13303,ASCUS,0.330279,ASCUS,0.9934337,331.363831,230.059891,431.593018,342.121826
15160_22423,ASCUS,0.020772,ASCUS,0.96495396,88.929092,166.664307,257.200928,327.588440
34008_37623,ASCUS,0.071742,ASCUS,0.6152894,355.671448,137.484482,582.272766,364.182312
34008_37623,ASCUS,0.316464,ASCUS,0.99992,475.685455,438.811890,555.902893,531.254700
50424_19991,ASCUS,0.098861,ASCUS,0.97896,232.215836,8.137779,417.664551,128.257965
23672_32151,ASCUS,0.199565,ASCUS,0.9994574,1.000000,99.524590,141.099121,229.935272
23672_32151,ASCUS,0.903613,ASCUS,0.9997371,372.343933,461.961151,488.562256,590.112183
23672_32151,ASCUS,0.370148,ASCUS,0.9907533,542.589539,38.942287,606.562073,148.248581
41304_24855,ASCUS,0.113728,ASCUS,0.9999993,470.545197,52.989265,560.833740,181.098358
41304_24855,ASCUS,0.962387,ASCUS,0.99983716,15.292038,400.064087,288.798950,584.344604
41304_24855,ASCUS,0.423876,ASCUS,0.99573946,109.993980,20.063095,317.921204,254.564041
40696_50391,ASCUS,0.988281,ASCUS,0.9763531,171.709091,258.572327,289.678223,519.801270
34616_26071,ASCUS,0.725181,ASCUS,0.99440235,224.033173,111.710129,410.625153,265.389832
16984_42487,ASCUS,0.937294,ASCUS,0.9993486,355.812103,88.027420,452.767609,227.316330
16984_42487,ASCUS,0.995734,ASCUS,0.99947757,116.814308,3.718224,242.925232,135.454651
16984_42487,ASCUS,0.148960,ASCUS,0.9990828,439.761993,277.416931,548.055969,421.479370
27320_18167,ASCUS,0.857249,ASCUS,0.9982906,411.578247,123.370186,588.722412,252.705139
27320_18167,ASCUS,0.998131,ASCUS,1.0,241.896332,279.872864,363.941620,383.371216
48600_32759,ASCUS,0.633141,ASCUS,0.9964702,263.725281,87.703247,418.260986,257.443878
20024_40663,ASCUS,0.654175,ASCUS,0.99995196,454.075134,94.578865,577.891052,237.951569
31576_48567,ASCUS,0.173735,ASCUS,0.9870027,188.776413,462.765839,284.394501,567.159058
22456_27895,ASCUS,0.261196,ASCUS,0.87295854,155.107315,53.992062,218.240707,133.553879
29144_37015,ASCUS,0.973865,ASCUS,0.9995647,200.451172,44.921547,526.546448,227.257904
7864_37015,ASCUS,0.358435,ASCUS,0.9897093,367.328827,107.690140,553.920166,223.892441
24280_4791,ASCUS,0.720820,ASCUS,0.99376464,190.279816,256.777954,339.959503,494.605347
24280_4791,ASCUS,0.113092,ASCUS,0.8226877,126.514702,416.214355,313.821381,522.030579
11512_38839,ASCUS,0.056869,ASCUS,0.9991196,1.000000,5.713898,307.590118,233.396332
19416_40663,ASCUS,0.472196,ASCUS,0.99999964,227.577057,10.703461,325.050385,176.964905
19416_40663,ASCUS,0.227887,ASCUS,0.9396878,399.489838,105.723541,491.310516,241.700836
19416_40663,ASCUS,0.069392,ASCUS,0.9795258,451.870850,153.391998,598.245117,306.240112
7256_16343,ASCUS,0.970485,ASCUS,0.9930332,341.979126,307.281738,548.410706,469.598511
50424_37015,ASCUS,0.843755,ASCUS,0.9974136,202.237183,13.240601,333.607117,139.939316
50424_37015,ASCUS,0.992327,ASCUS,0.99794906,53.611725,359.911285,479.147003,533.739380
36440_50391,ASCUS,0.977869,ASCUS,0.9981988,180.114899,8.876419,357.684723,142.371323
6648_37623,ASCUS,0.266966,ASCUS,0.98163795,5.138336,253.525787,178.697830,410.134308
46168_47351,LSIL,0.655831,LSIL,0.9948537,252.490173,127.081497,497.402588,325.289551
12728_30935,ASCUS,0.055684,ASCUS,1.0,13.482117,427.616455,293.291992,608.000000
12728_30935,LSIL,0.316591,LSIL,0.70590764,217.926270,316.876160,468.557251,494.511902
29144_37623,ASCUS,0.997330,ASCUS,0.99974066,287.198364,402.569580,458.824585,565.385620
29752_37623,ASCUS,0.924776,ASCUS,0.9986218,253.572617,191.362244,428.882141,364.362000
29752_37623,ASCUS,0.405159,ASCUS,0.59250116,94.807961,18.057625,252.328552,217.524353
29752_37623,ASCUS,0.418367,ASCUS,0.99989235,118.584572,245.371262,244.731049,357.894714
29752_41271,ASCUS,0.007048,ASCUS,0.5682542,223.045059,404.228271,409.647339,534.396912
24280_31543,ASCUS,0.951033,ASCUS,0.9999894,359.930145,244.428619,483.377716,372.931671
24280_31543,ASCUS,0.859412,ASCUS,0.99980277,208.923676,283.643280,314.203766,399.287018
24280_31543,ASCUS,0.497159,ASCUS,0.9999633,230.048630,392.981415,326.011505,514.852417
24280_31543,ASCUS,0.242499,ASCUS,0.86447173,308.501923,357.195038,376.276031,432.903656
24280_31543,ASCUS,0.136079,ASCUS,0.980734,187.100067,160.416962,366.947357,314.875183
24888_37623,ASCUS,0.005926,ASCUS,0.99998987,444.590363,67.474205,557.606934,196.588440
24888_37623,ASCUS,0.818733,ASCUS,0.9514752,110.344894,290.190796,221.394241,425.853455
8472_34583,ASCUS,0.027637,ASCUS,0.98094994,86.733124,1.492800,210.361847,42.323364
8472_34583,ASCUS,0.988453,ASCUS,0.9341038,192.595444,41.884331,330.572693,175.105286
8472_34583,ASCUS,0.669313,LSIL,0.55527645,165.200180,4.332581,277.863708,84.603462
9688_18167,ASCUS,0.834956,ASCUS,0.9990988,277.607788,2.406216,468.514099,122.553055
26104_13911,ASCUS,0.047809,ASCUS,0.9977969,201.800812,213.128555,350.101532,292.134033
13336_12695,ASCUS,0.572044,ASCUS,0.99993646,224.747681,130.748260,391.567078,230.550659
45560_31543,ASCUS,0.859237,ASCUS,0.99999154,4.952934,129.366180,180.808258,264.990631
45560_31543,ASCUS,0.979680,ASCUS,0.9626882,315.480499,173.835388,479.635101,377.705811
13336_12087,ASCUS,0.478577,ASCUS,0.96108407,1.000000,399.848785,154.143021,554.574097
27928_30935,ASCUS,0.129410,ASCUS,0.86350507,277.013092,15.789040,468.739349,186.927948
27928_30935,ASCUS,0.094557,ASCUS,0.9984623,343.582947,139.004013,481.808533,254.468704
23672_23639,ASCUS,0.440291,ASCUS,0.999037,262.620789,259.988129,420.825928,404.094513
23672_23639,ASCUS,0.922404,ASCUS,0.9833997,18.367043,17.042587,246.823486,169.381210
26712_52823,ASCUS,0.949523,ASCUS,0.999744,51.965454,346.481476,277.897552,479.946442
26712_52823,ASCUS,0.121212,ASCUS,0.63198435,223.765091,184.998871,565.123108,340.532074
26712_52823,ASCUS,0.089573,ASCUS,0.99988604,42.679314,14.885674,207.987061,108.177109
40696_38839,ASCUS,0.064687,ASCUS,0.9922414,255.343399,136.745834,316.716736,223.166580
43128_16343,ASCUS,0.340585,ASCUS,0.98389673,94.228378,4.960541,221.649643,150.241257
43128_16343,ASCUS,0.249362,ASCUS,0.98521924,68.050415,321.980286,197.893646,423.846558
20024_44311,ASCUS,0.862599,ASCUS,0.9997886,277.914673,415.710754,358.172974,521.596680
39480_15127,ASCUS,0.968695,ASCUS,0.9999373,331.702637,153.628952,459.863159,272.207703
37656_15127,ASCUS,0.287162,ASCUS,0.9915558,1.000000,98.490692,123.988220,266.141296
37656_15127,ASCUS,0.129305,ASCUS,0.7950724,367.409210,472.290314,571.132385,577.436829
30968_48567,ASCUS,0.870380,ASCUS,0.99209833,184.837860,282.007416,306.126801,416.994720
23064_32151,ASCUS,0.884371,ASCUS,0.99969554,509.649353,61.976982,604.015808,218.871735
41912_34583,ASCUS,0.007816,ASCUS,0.99569595,14.597717,341.233734,474.452026,608.000000
41912_34583,ASCUS,0.501896,ASCUS,0.9733474,31.919323,401.970276,154.291046,506.642029
44344_15127,ASCUS,0.020153,ASCUS,0.99598926,44.934059,362.574890,221.350037,608.000000
44344_15127,ASCUS,0.914392,ASCUS,0.8563852,455.503571,143.603271,608.000000,296.271820
10904_29111,ASCUS,0.984562,ASCUS,0.9737828,156.548248,105.570099,364.100983,397.586945
41912_31543,ASCUS,0.634950,ASCUS,0.99544096,381.794708,418.621582,505.057159,567.772705
41912_31543,ASCUS,0.094325,ASCUS,0.9807506,148.164536,1.000000,278.692688,90.701805
41912_31543,ASCUS,0.258895,ASCUS,0.7420274,415.804077,44.523499,570.832275,190.499496
9080_32151,ASCUS,0.007764,ASCUS,0.9978169,277.263062,1.000000,574.321411,175.965149
35832_41271,ASCUS,0.329159,ASCUS,0.822368,351.490417,154.234192,537.186768,303.081024
35832_41271,ASCUS,0.952480,ASCUS,0.568509,373.203705,14.013367,566.073975,201.678879
35832_41271,ASCUS,0.046691,LSIL,0.85856426,13.590912,52.965363,122.930847,118.652725
30360_40055,ASCUS,0.295240,ASCUS,0.75507784,295.450317,18.361099,583.082092,228.685852
27320_50999,ASCUS,0.869457,ASCUS,0.9909485,171.439117,178.618622,334.631561,325.883636
9080_29111,ASCUS,0.053789,ASCUS,0.55282366,1.731503,265.283203,89.932114,432.687622
7864_36407,ASCUS,0.821757,ASCUS,0.99897206,63.909325,248.643982,184.668945,355.544006
7864_36407,ASCUS,0.716051,ASCUS,0.9999939,137.119598,151.899048,273.239868,274.426239
33400_17559,ASCUS,0.993486,ASCUS,0.99971527,126.002953,230.082764,208.625031,550.178528
34616_18775,LSIL,0.879463,LSIL,1.0,260.442444,21.120323,465.024231,214.829712
28536_46743,ASCUS,0.941170,ASCUS,0.9885467,110.077820,347.313232,269.824890,510.671692
11512_24247,ASCUS,0.718971,ASCUS,0.998066,288.361633,213.723114,393.697693,371.726471
11512_24247,ASCUS,0.534557,ASCUS,0.91943663,133.728241,1.691582,229.930511,182.144104
11512_24247,ASCUS,0.468020,ASCUS,0.9908313,351.803284,280.638824,475.630310,387.362213
34616_46135,ASCUS,0.119993,ASCUS,0.97563803,420.973572,427.731506,608.000000,605.827209
34616_46135,ASCUS,0.140898,ASCUS,0.9994879,79.062866,2.475636,203.190918,102.272079
8472_36407,ASCUS,0.251332,ASCUS,0.98720074,470.088776,388.067505,608.000000,516.587280
8472_16951,ASCUS,0.998185,ASCUS,0.99955577,390.478424,120.277710,514.065613,259.826263
23064_40663,ASCUS,0.348394,ASCUS,0.9999964,523.762939,404.256714,605.847534,517.342102
23064_40663,ASCUS,0.096678,ASCUS,0.99636215,458.296631,396.886261,542.548157,510.229645
23064_40663,ASCUS,0.006400,ASCUS,0.9964948,553.714172,517.919678,606.243713,595.970825
23064_40663,ASCUS,0.192973,ASCUS,0.9746643,2.369949,146.838226,165.816193,327.093872
7864_26679,ASCUS,0.976664,ASCUS,0.95241493,1.000000,278.482971,209.815460,450.671997
35224_48567,ASCUS,0.995951,ASCUS,0.9999994,345.154114,112.496796,482.607422,221.436340
35224_48567,ASCUS,0.558038,ASCUS,0.9997539,133.287689,246.152969,247.280823,353.062164
31576_15127,ASCUS,0.981926,ASCUS,0.8603637,289.921906,4.581711,562.364746,366.728271
37656_43703,ASCUS,0.769206,ASCUS,0.99979156,337.839752,445.825012,471.229218,574.679138
13336_33367,ASCUS,0.997842,ASCUS,0.9997224,217.582367,59.615288,418.513092,207.480255
13336_33367,ASCUS,0.450008,ASCUS,0.99927646,67.721130,8.441525,136.923538,96.544876
6040_31543,ASCUS,0.647989,ASCUS,0.9992612,58.920181,19.735977,271.566589,166.569504
47992_43095,ASCUS,0.617740,ASCUS,0.9999244,235.521683,282.941498,363.734863,414.904266
10296_19383,ASCUS,0.868737,ASCUS,0.7017631,139.145920,30.718628,304.534912,369.987152
10296_19383,ASCUS,0.696757,ASCUS,0.9999025,304.400848,278.783600,441.611542,450.574554
10296_19383,ASCUS,0.019819,LSIL,0.63342357,297.710266,381.541138,382.521057,458.481445
44952_44919,ASCUS,0.271935,ASCUS,0.96481997,425.458618,82.659805,608.000000,382.351074
44952_44919,ASCUS,0.199941,ASCUS,0.74368525,4.261070,220.135132,164.726166,365.838562
41912_49783,ASCUS,0.123897,ASCUS,0.84843194,155.221863,72.775742,286.880035,194.736954
41912_49783,ASCUS,0.053019,ASCUS,0.9984049,427.352844,1.000000,607.423889,180.781219
52248_23639,ASCUS,0.842326,ASCUS,0.9997718,188.387756,76.825455,332.204895,187.235275
13944_19383,ASCUS,0.094987,ASCUS,0.99999034,70.864738,5.839413,244.365753,131.306351
32792_18775,ASCUS,0.965151,ASCUS,0.9946301,125.787071,202.144043,339.586548,479.304688
32792_18775,ASCUS,0.057812,ASCUS,0.9999865,1.000000,1.000000,316.331512,151.141495
25496_7223,ASCUS,0.800652,ASCUS,0.9742706,201.908997,446.934418,302.105164,586.509155
40696_41879,ASCUS,0.401122,ASCUS,0.99999666,236.533768,308.895569,398.575989,408.340515
26104_8439,ASCUS,0.770281,ASCUS,0.9999603,89.703949,334.948730,209.769318,457.013062
19416_46743,ASCUS,0.970538,ASCUS,0.9853504,2.089653,53.179016,201.201050,323.420197
40696_20599,ASCUS,0.871817,ASCUS,0.9962655,228.316467,13.917442,372.620117,189.789703
40696_20599,ASCUS,0.911003,ASCUS,0.75812924,171.115021,246.755463,419.126923,435.827911
36440_12695,ASCUS,0.272665,ASCUS,0.99951243,3.858658,22.007233,86.359528,180.165070
10904_31543,ASCUS,0.991806,ASCUS,0.99712723,436.164459,153.500519,600.322632,380.670624
10904_31543,ASCUS,0.071777,ASCUS,0.9969464,10.982815,329.825562,125.776855,463.679382
32792_49783,ASCUS,0.069226,ASCUS,0.9808404,386.765747,292.508240,565.915894,423.222534
44344_31543,ASCUS,0.918959,ASCUS,0.9969284,304.041138,299.357269,469.466309,608.000000
29752_16343,ASCUS,0.094807,ASCUS,0.91387904,415.710052,359.117004,567.699951,581.028625
29752_16343,ASCUS,0.999500,ASCUS,0.9980422,403.204468,151.154129,604.995056,370.411987
43128_49783,ASCUS,0.010951,LSIL,0.8146735,27.604546,411.488861,205.464874,557.249146
36440_23639,ASCUS,0.169145,ASCUS,0.5742178,3.591202,287.572327,170.791336,560.281128
36440_23639,ASCUS,0.058132,ASCUS,0.86239445,315.655548,210.645676,494.765167,414.951172
36440_23639,ASCUS,0.119583,ASCUS,0.9278757,335.546814,232.798355,489.469299,337.488007
36440_23639,ASCUS,0.014741,LSIL,0.52773905,322.159119,291.968201,440.430847,407.493652
32184_21207,ASCUS,0.221152,ASCUS,0.99999404,386.191803,2.676018,487.994843,137.092804
32184_21207,ASCUS,0.066922,ASCUS,0.49945623,463.941193,494.867249,535.466675,572.556702
19416_15735,ASCUS,0.668800,ASCUS,0.99989164,398.528961,57.935280,588.080933,240.371429
46168_13911,ASCUS,0.087647,ASCUS,0.99902713,218.134918,142.083801,322.585846,268.037689
16984_15127,ASCUS,0.061249,ASCUS,0.89904535,369.729431,48.841599,520.196777,233.917526
5432_35799,ASCUS,0.995834,ASCUS,0.6905852,177.355667,155.150528,377.189209,303.422974
5432_35799,ASCUS,0.087575,ASCUS,0.5366038,542.935669,415.204071,602.773926,602.399231
37048_18775,ASCUS,0.988502,ASCUS,0.88996804,112.038795,364.396118,298.143585,541.181763
37048_18775,ASCUS,0.330563,ASCUS,0.99847287,282.480652,52.957767,415.806946,165.293472
28536_44311,ASCUS,0.322789,ASCUS,0.7443719,306.096771,159.911514,440.940277,346.401733
28536_44311,ASCUS,0.051636,ASCUS,0.58130616,428.329468,190.998901,547.685364,469.898621
49816_19383,ASCUS,0.013055,ASCUS,0.997775,368.695648,323.779480,522.102905,470.095398
50424_29719,ASCUS,0.732732,ASCUS,0.99663675,1.000000,11.283131,221.819031,126.277206
50424_29719,ASCUS,0.018075,ASCUS,0.9980332,210.798553,317.541779,407.536530,428.721466
37048_16343,ASCUS,0.064539,ASCUS,0.5446174,128.789307,269.393127,540.156860,587.986511
37048_16343,ASCUS,0.961647,ASCUS,0.994179,169.235931,87.987549,395.002960,338.493835
37048_16343,ASCUS,0.170058,ASCUS,0.9973386,182.384033,319.254913,476.340942,498.572723
9080_33367,ASCUS,0.181728,LSIL,0.5735144,34.549965,65.554306,236.775848,304.659424
43128_44311,ASCUS,0.985531,ASCUS,0.999529,69.717896,211.982758,195.799286,403.157379
43128_44311,ASCUS,0.993541,ASCUS,0.98760986,376.479614,284.134766,529.121460,526.259338
36440_43095,ASCUS,0.178763,ASCUS,0.596689,204.746414,221.984177,412.487732,434.263123
40088_50391,ASCUS,0.103003,ASCUS,0.999997,503.230988,330.970459,608.000000,429.267578
40088_14519,ASCUS,0.644101,ASCUS,0.97374934,427.243622,168.747528,510.952423,397.280121
10296_29719,ASCUS,0.997490,ASCUS,0.99737155,176.611832,254.899780,360.400696,426.034302
18808_24855,ASCUS,0.957328,ASCUS,0.99997854,106.881828,44.444969,301.360260,251.604065
18808_43703,ASCUS,0.608988,ASCUS,0.9204468,415.968628,290.644348,587.469360,521.665283
18808_43703,ASCUS,0.061978,ASCUS,0.7461898,1.000000,328.759796,73.425468,418.024078
31576_45527,ASCUS,0.076709,ASCUS,0.9997656,1.695770,53.426300,241.551376,283.175446
47384_43095,ASCUS,0.950218,ASCUS,0.9708722,366.576538,320.971466,571.402649,489.629303
20024_32759,ASCUS,0.120790,ASCUS,0.9999275,466.946991,469.995331,597.498962,598.703552
23064_23639,ASCUS,0.091983,ASCUS,0.99978894,207.926941,1.000000,459.559509,95.007477
10904_26679,ASCUS,0.998395,ASCUS,0.99166393,357.260803,254.754486,469.487305,426.576935
49208_15735,ASCUS,0.958483,ASCUS,0.38916737,230.225098,211.566010,560.231689,608.000000
26712_29111,ASCUS,0.965954,ASCUS,0.999634,60.508072,429.254669,157.776810,606.819580
26712_29111,ASCUS,0.209822,ASCUS,0.99922943,371.095642,104.703629,458.773804,239.973587
26712_29111,ASCUS,0.382455,ASCUS,0.99820495,491.741211,407.831390,608.000000,578.156067
29144_44311,ASCUS,0.957418,ASCUS,0.818835,384.557617,57.570965,566.483582,176.262238
29144_44311,ASCUS,0.282997,ASCUS,0.9994808,484.954437,180.030106,597.295654,293.641785
14552_13911,ASCUS,0.741841,ASCUS,0.9017519,143.368591,91.197380,248.434784,223.474304
14552_13911,ASCUS,0.193516,ASCUS,0.9917292,216.271393,2.614632,384.818512,135.113861
36440_27895,ASCUS,0.193540,ASCUS,0.95904243,190.317139,323.321747,302.169861,470.660431
22456_37015,ASCUS,0.148632,ASCUS,0.99710447,269.081543,280.016479,547.234192,599.681152
22456_37015,ASCUS,0.015909,ASCUS,0.9999995,252.786575,1.000000,532.242249,608.000000
46776_22423,ASCUS,0.152003,ASCUS,0.5631079,350.249084,237.053391,467.203064,452.233337
46776_22423,ASCUS,0.987808,ASCUS,0.99996614,164.908005,259.965942,294.472229,421.100830
39480_33975,ASCUS,0.833973,ASCUS,0.99762625,207.691528,80.087341,361.513611,249.917328
39480_33975,ASCUS,0.231393,ASCUS,0.9008556,339.628815,218.102890,550.179138,368.431396
28536_33975,ASCUS,0.804315,ASCUS,0.9994842,389.934357,272.156311,567.221497,439.607788
11512_41271,ASCUS,0.914861,ASCUS,0.86611575,49.347340,240.651993,152.148865,375.464600
34616_27287,ASCUS,0.548388,ASCUS,0.55250525,387.469604,57.682808,567.433105,189.190643
34008_8439,ASCUS,0.997542,ASCUS,0.99867874,244.064713,296.316040,385.029480,511.141052
34008_10263,ASCUS,0.183147,ASCUS,0.99869174,93.042992,98.044418,275.416077,302.815735
34008_10263,ASCUS,0.248083,ASCUS,0.9992636,341.797607,315.647797,531.701233,431.412567
23064_13303,ASCUS,0.624788,ASCUS,0.98493296,129.565048,145.456848,251.097672,264.467834
23064_13303,ASCUS,0.207136,ASCUS,0.8792862,383.111664,513.301697,455.724945,596.534485
26104_14519,ASCUS,0.994759,ASCUS,0.98245883,254.680496,396.964081,376.270447,557.065857
16376_21815,ASCUS,0.686136,ASCUS,0.88258487,13.210655,417.716309,263.369843,558.582764
12728_27287,ASCUS,0.691936,ASCUS,0.99813724,327.716492,455.550507,451.142334,564.838196
12728_27287,ASCUS,0.056649,ASCUS,0.99883705,419.746490,262.205078,564.211182,434.439575
34008_32759,ASCUS,0.150207,ASCUS,0.99230474,279.730835,383.958740,389.538330,571.103271
27320_22423,ASCUS,0.083680,ASCUS,0.965592,322.379578,565.090759,391.063171,607.602600
44344_37015,ASCUS,0.864496,ASCUS,0.8435439,362.862000,422.460358,544.041565,608.000000
46776_37623,ASCUS,0.618300,ASCUS,0.9987399,149.670044,389.780243,278.222961,519.520508
43128_43095,ASCUS,0.976774,ASCUS,0.9991887,112.493683,453.650116,298.718750,608.000000
18200_49175,ASCUS,0.197414,ASCUS,0.9989303,169.549744,35.980263,288.336914,147.251709
4216_33367,ASCUS,0.994550,ASCUS,0.98352367,346.026337,40.092728,467.332611,424.230469
31576_38839,ASCUS,0.924042,ASCUS,0.9999943,239.725220,315.518219,331.522583,386.157928
27320_43095,ASCUS,0.242269,ASCUS,0.996548,268.741394,210.581726,334.159729,292.106506
36440_19383,ASCUS,0.173205,ASCUS,0.99997365,324.725891,222.192444,418.062134,396.930908
7864_33367,ASCUS,0.942999,ASCUS,0.9995585,426.453400,298.670624,608.000000,608.000000
7864_33367,ASCUS,0.111720,ASCUS,0.9589989,160.567490,343.470734,297.440552,452.325348
6648_18775,ASCUS,0.072131,ASCUS,0.99505734,165.970001,3.485947,308.849823,105.640038
6648_18775,ASCUS,0.298373,ASCUS,0.9567394,351.968384,430.498627,491.418762,603.969482
20632_44919,ASCUS,0.999064,ASCUS,0.9997489,266.603027,368.167877,417.409424,471.458893
50424_18775,ASCUS,0.366354,ASCUS,0.99669915,388.155212,426.598694,468.762207,591.324036
9688_34583,ASCUS,0.514194,ASCUS,0.5443588,330.160400,230.900894,592.636536,323.490387
9688_34583,ASCUS,0.029781,ASCUS,0.9990101,301.688904,431.829285,474.791809,601.557068
44952_41271,ASCUS,0.018443,ASCUS,0.9999554,344.173584,4.177139,449.677124,132.971207
25496_21815,ASCUS,0.081966,ASCUS,0.93076,181.396515,406.827606,506.000092,539.773132
25496_21815,ASCUS,0.078418,ASCUS,0.9994299,491.901672,127.922554,606.382996,266.846497
35224_29111,ASCUS,0.136165,ASCUS,0.9755309,209.867065,332.762024,329.729919,494.792114
35224_29111,ASCUS,0.389068,ASCUS,0.9999579,325.310242,46.185585,455.317383,139.609467
15768_24247,ASCUS,0.266455,ASCUS,0.99948186,233.854828,315.509552,366.599274,445.566193
17592_46135,ASCUS,0.203392,ASCUS,0.98234737,490.235504,304.785767,607.890564,360.523865
11512_30327,ASCUS,0.005700,ASCUS,0.9190191,522.030762,299.975647,608.000000,430.662354
38872_46743,ASCUS,0.494105,ASCUS,0.9852055,141.071533,276.488770,287.499268,485.226685
38872_46743,ASCUS,0.057277,ASCUS,0.57489073,1.000000,30.170380,196.266663,309.403595
36440_7223,ASCUS,0.006010,LSIL,0.5302242,122.875023,117.601776,317.958527,391.796112
40088_25463,ASCUS,0.956980,ASCUS,0.9999999,339.195099,237.145966,604.450439,487.517303
41912_18167,ASCUS,0.250677,ASCUS,0.98854244,454.195923,351.241425,562.909119,491.698395
41912_18167,ASCUS,0.999322,ASCUS,0.9964561,279.640198,292.344238,452.920532,466.366333
16984_24247,ASCUS,0.186776,ASCUS,0.99923813,344.653625,307.681732,514.354675,485.778351
21240_49175,ASCUS,0.921607,ASCUS,0.9989587,235.159729,179.865768,398.794617,404.007324
19416_33367,ASCUS,0.011581,ASCUS,0.9999875,378.829376,378.576569,528.835815,526.037048
28536_19383,ASCUS,0.541109,ASCUS,0.91383713,289.076569,159.954926,377.459259,314.161377
28536_19383,ASCUS,0.073585,ASCUS,0.9997111,376.356750,117.644760,462.554382,226.410782
16376_18775,ASCUS,0.013002,ASCUS,0.99881953,247.081848,287.104797,353.228210,330.106445
16376_18775,ASCUS,0.464741,ASCUS,0.59155446,274.641846,156.045074,455.711243,317.523773
12728_13303,ASCUS,0.053645,ASCUS,0.9997092,245.308182,421.592987,419.535583,486.518341
45560_42487,ASCUS,0.055557,ASCUS,0.9050161,1.000000,257.648010,177.685394,562.121399
26712_44311,ASCUS,0.035066,ASCUS,0.9964814,302.809875,173.934174,426.533081,318.497498
26712_44311,ASCUS,0.007097,ASCUS,0.5369113,280.702606,284.759552,402.313019,379.271332
26712_44311,ASCUS,0.057028,LSIL,0.91653574,99.855949,12.405579,325.972290,155.726517
26712_44311,LSIL,0.128358,SCC,0.9903194,91.865059,19.624542,338.640900,149.886688
35224_44311,ASCUS,0.992362,ASCUS,0.9999933,157.209198,245.907745,283.198334,374.262665
35832_52823,ASCUS,0.292067,ASCUS,0.98617095,64.367226,88.790314,230.761322,225.503326
35832_52823,ASCUS,0.061361,ASCUS,0.81295866,292.868683,225.082993,389.448334,345.168518
20024_17559,ASCUS,0.015452,LSIL,0.95944566,186.198730,19.407310,399.846680,150.053589
34008_35191,ASCUS,0.455441,ASCUS,0.9349498,513.154907,231.344528,581.055664,323.446960
34008_35191,ASCUS,0.278328,ASCUS,0.8775766,320.503113,229.766998,505.232483,327.265656
13336_19991,ASCUS,0.378740,ASCUS,0.8325202,241.522064,444.166565,407.849396,573.574158
13336_19991,ASCUS,0.185495,ASCUS,0.98389983,275.538300,334.181122,407.239532,446.510162
34616_53431,ASCUS,0.838891,ASCUS,0.99851555,63.285217,166.764191,240.999908,395.314667
36440_8439,ASCUS,0.010669,ASCUS,0.93234605,29.815331,133.516602,205.976227,402.834045
36440_8439,ASCUS,0.172691,ASCUS,0.9985713,470.785095,348.238403,603.092834,571.083557
36440_8439,ASCUS,0.973889,ASCUS,0.9562903,217.486252,402.614716,320.952393,551.474731
36440_8439,ASCUS,0.957853,ASCUS,0.979539,301.395111,386.501801,382.479156,504.616791
36440_8439,ASCUS,0.100495,ASCUS,0.98480576,186.121277,311.828369,369.847717,416.518677
8472_23031,ASCUS,0.114375,ASCUS,0.8905523,195.663193,131.019821,324.470825,243.921463
47384_41271,ASCUS,0.980733,ASCUS,0.9491797,259.073181,292.613586,522.489014,559.609375
47384_41271,ASCUS,0.979398,ASCUS,0.98868203,11.194275,246.863983,192.140259,471.406952
37048_37015,ASCUS,0.656313,ASCUS,0.99679154,327.224304,321.579010,435.332336,440.879364
44952_38839,ASCUS,0.993424,ASCUS,0.9999565,364.171295,407.316254,494.389984,543.794250
19416_41271,ASCUS,0.927997,ASCUS,0.99998415,13.546249,288.807617,163.429581,597.075500
26104_15735,ASCUS,0.540797,ASCUS,0.85995376,3.332695,2.267193,231.986481,104.514359
26104_15735,ASCUS,0.060365,ASCUS,0.9996387,457.692322,322.439331,574.094666,459.089844
7256_29719,ASCUS,0.489782,ASCUS,0.55269295,355.554932,115.281029,496.187988,355.288300
24888_25463,ASCUS,0.985566,ASCUS,0.99999905,421.810028,166.322281,549.233459,275.017395
18808_49175,ASCUS,0.302688,ASCUS,0.9961125,131.551575,299.516052,228.618286,479.204956
22456_45527,ASCUS,0.940801,ASCUS,0.99824417,228.293839,33.505341,358.652405,214.768860
34008_21815,ASCUS,0.933874,ASCUS,0.99790287,181.842407,67.209015,356.620483,181.139893
34008_21815,ASCUS,0.971422,ASCUS,0.99973077,347.314514,355.260193,492.623840,519.697754
34008_21815,ASCUS,0.127077,ASCUS,0.99902284,339.649414,362.311707,455.369446,447.035461
26104_29719,ASCUS,0.286819,ASCUS,0.45888576,525.089111,432.930817,575.650757,506.093353
26104_29719,ASCUS,0.618894,ASCUS,0.9567847,45.012474,158.917908,219.142639,344.246460
26104_29719,ASCUS,0.102211,ASCUS,0.999754,556.467285,412.348236,593.377563,476.818390
7256_37015,ASCUS,0.999241,ASCUS,0.9998448,461.755066,159.341309,570.176331,329.236694
24280_35191,ASCUS,0.197543,ASCUS,0.9955514,1.555618,70.857140,144.508759,296.814453
14552_40055,ASCUS,0.105371,ASCUS,0.98451644,199.528290,127.370064,401.154449,266.525604
15768_23031,ASCUS,0.421291,ASCUS,0.99001044,394.412720,134.006561,513.663452,293.084076
41912_32759,ASCUS,0.331794,ASCUS,0.89323944,356.746582,361.110718,485.396545,480.120361
48600_30327,ASCUS,0.020842,ASCUS,0.9834187,135.624161,30.937485,212.401352,93.678841
52856_37015,ASCUS,0.978582,ASCUS,0.89675856,263.349365,94.520744,420.052917,233.374084
52856_37015,LSIL,0.014447,HSIL,0.6543943,254.829590,102.910393,428.462585,237.144196
13944_30935,ASCUS,0.815705,ASCUS,0.64298314,144.230499,354.786285,329.980713,518.780396
13944_30935,ASCUS,0.964356,ASCUS,0.99984884,83.304039,5.583038,245.453857,164.532501
38264_22423,ASCUS,0.763445,ASCUS,0.99411905,39.990707,223.230560,194.847321,328.257782
38264_22423,ASCUS,0.055992,ASCUS,0.74212974,418.050446,435.429352,581.898804,582.333374
13336_32759,ASCUS,0.489853,ASCUS,0.94751936,171.884521,428.331238,486.081909,608.000000
46776_18167,ASCUS,0.999477,ASCUS,0.99840146,208.469452,268.740234,395.886749,415.030212
26104_26071,ASCUS,0.989151,ASCUS,0.9997557,216.712234,389.090790,385.705139,546.220093
26104_26071,ASCUS,0.011280,ASCUS,0.8464221,329.815430,7.471199,520.785583,204.531738
11512_29111,ASCUS,0.488348,ASCUS,0.9996717,482.919220,418.987457,564.602112,599.506958
20632_6007,ASCUS,0.957214,ASCUS,0.9875224,422.075684,173.627701,563.496033,333.593628
33400_16343,ASCUS,0.055876,ASCUS,0.97374314,457.236633,34.546616,593.994690,134.208130
30360_29719,ASCUS,0.975316,ASCUS,0.9976901,373.053223,400.978333,503.347412,586.357483
30360_29719,ASCUS,0.266645,ASCUS,0.99830025,1.000000,335.767395,86.024384,507.440369
13944_12695,ASCUS,0.967723,ASCUS,0.99995124,453.683105,359.363342,608.000000,531.236389
9080_26679,ASCUS,0.342952,ASCUS,0.8395154,329.234344,42.598763,450.383026,205.553375
27928_15127,ASCUS,0.120111,ASCUS,0.93368727,134.425110,177.441833,276.567017,342.318604
27928_15127,ASCUS,0.052364,ASCUS,0.9998659,189.255676,458.516510,318.911530,578.026489
18808_32759,ASCUS,0.602827,ASCUS,0.9927764,372.051575,490.064240,504.049072,608.000000
24280_32759,ASCUS,0.981388,ASCUS,0.9969758,425.750793,296.761292,592.212341,449.909973
24280_32759,ASCUS,0.990876,ASCUS,0.99985206,50.995117,287.420532,230.294861,426.076355
43128_25463,ASCUS,0.294293,ASCUS,0.76418084,250.877014,25.005638,415.850586,161.716980
43128_25463,ASCUS,0.065239,ASCUS,0.6980162,241.914307,390.895935,391.635193,532.039795
20024_9655,ASCUS,0.863191,ASCUS,0.90887785,265.015686,359.830200,417.088684,514.857788
20024_9655,ASCUS,0.169132,ASCUS,0.99979645,222.264893,209.204956,313.425781,313.674927
20024_23639,ASCUS,0.069169,ASCUS,0.9922665,335.808960,422.074585,489.697876,531.970459
22456_25463,ASCUS,0.067183,ASCUS,0.99672014,415.371704,252.280685,586.749512,446.323059
21240_5399,ASCUS,0.025751,ASCUS,0.97381467,137.392914,434.935516,424.834564,604.656616
21240_5399,ASCUS,0.305027,LSIL,0.51461667,507.248688,311.274170,604.446045,466.647217
15768_27287,ASCUS,0.145653,ASCUS,0.9320868,289.445618,11.904900,458.219299,157.600739
15768_27287,ASCUS,0.834841,ASCUS,0.9997824,131.142792,399.445435,342.458862,490.052002
6648_24247,ASCUS,0.046035,ASCUS,0.9564657,512.558594,8.256767,583.056396,83.107918
6648_24247,ASCUS,0.024484,ASCUS,0.99984944,312.200378,316.184113,400.029114,380.579498
10296_25463,ASCUS,0.596111,ASCUS,0.96534604,376.325928,477.227509,529.667969,604.822144
20632_40663,ASCUS,0.124063,ASCUS,0.99424535,307.981262,276.683990,421.264343,435.981171
33400_51607,ASCUS,0.042507,ASCUS,0.9998611,57.463135,1.000000,348.364868,143.074310
41304_38839,ASCUS,0.543893,ASCUS,0.99020714,20.988609,362.181732,118.213646,463.212555
41304_38839,ASCUS,0.078880,ASCUS,0.9992841,267.480957,390.588593,367.513672,546.522095
42520_37015,ASCUS,0.006809,ASCUS,0.90243363,156.690216,255.968719,374.572357,498.127045
20024_37623,ASCUS,0.067343,ASCUS,0.7473743,449.142059,221.065002,536.506836,350.045227
41304_7831,ASCUS,0.933568,ASCUS,0.9992138,284.325653,110.089500,429.782074,268.196411
41304_7831,ASCUS,0.922500,ASCUS,0.989553,132.259064,244.138367,310.399536,389.587585
46168_44311,ASCUS,0.752789,ASCUS,0.99688137,412.178101,339.203308,604.168152,519.474426
7864_31543,ASCUS,0.091567,ASCUS,0.99837685,1.000000,13.033249,152.518005,94.122528
7864_31543,ASCUS,0.036817,ASCUS,0.99874437,271.362610,434.325623,427.624878,598.195007
40088_32759,ASCUS,0.011491,ASCUS,0.8309434,249.074615,437.186157,449.935944,580.605042
40088_32759,ASCUS,0.469923,ASCUS,0.9327523,57.231842,43.651855,209.374786,192.159851
6648_40055,ASCUS,0.146130,ASCUS,0.6051189,351.907196,360.069763,521.939575,588.245483
6648_40055,ASCUS,0.027347,ASCUS,0.50412196,158.659943,24.592289,251.378815,146.909241
18808_29111,ASCUS,0.797109,ASCUS,0.9948131,200.679962,42.459541,288.401062,147.764496
34616_50999,ASCUS,0.484507,ASCUS,0.9999883,264.091125,211.712418,402.113342,360.606934
34616_50999,ASCUS,0.906039,ASCUS,0.73922133,125.886490,324.044159,335.192627,468.352203
30360_6615,ASCUS,0.991183,ASCUS,0.9990953,166.646927,96.512657,594.549133,322.125580
30360_6615,ASCUS,0.028744,SCC,0.99053276,125.162369,555.653809,221.363815,593.910278
15768_33975,ASCUS,0.090737,ASCUS,0.9792939,239.572922,461.775208,427.000000,574.039734
46776_34583,ASCUS,0.996164,ASCUS,0.99987113,333.090363,27.833458,460.439301,174.766449
46776_34583,ASCUS,0.801735,ASCUS,0.9296239,1.000000,99.797920,309.429779,300.933868
15768_38231,ASCUS,0.376349,ASCUS,0.99998546,252.494629,258.412933,346.355774,422.798370
15768_38231,ASCUS,0.378566,ASCUS,0.9958027,154.359879,83.182083,288.495483,262.627319
14552_32759,ASCUS,0.961835,ASCUS,0.99043053,286.359100,156.000183,442.049347,251.563354
22456_5399,ASCUS,0.288330,ASCUS,0.944088,117.227989,441.190002,292.191498,591.719788
22456_5399,ASCUS,0.053730,ASCUS,0.5337822,11.470741,48.158501,143.610931,167.207306
27928_50999,ASCUS,0.767406,ASCUS,0.9998287,154.409637,181.816772,320.748932,279.338135
27928_47959,ASCUS,0.989110,ASCUS,0.9991197,222.523438,233.889099,442.473145,396.560242
22456_51607,ASCUS,0.950064,ASCUS,0.99999523,137.104340,203.397324,223.683380,380.298706
22456_51607,ASCUS,0.811370,ASCUS,0.98174655,374.095154,186.079254,482.217224,351.381256
22456_51607,ASCUS,0.569940,ASCUS,0.9030838,276.912598,301.144440,375.131042,428.335236
17592_8439,ASCUS,0.284913,ASCUS,0.99925095,434.415192,176.347076,523.818298,232.909912
36440_49175,ASCUS,0.808697,ASCUS,0.5462981,265.991333,31.459808,462.314819,172.280762
36440_49175,ASCUS,0.505087,ASCUS,0.99856937,470.500610,419.559845,596.379395,518.017151
36440_49175,ASCUS,0.237779,ASCUS,0.5085362,400.175720,297.180695,584.164673,418.664276
36440_49175,ASCUS,0.219293,ASCUS,0.7915979,456.356537,484.324463,593.860291,597.035034
25496_53431,ASCUS,0.170143,ASCUS,0.9998381,190.140533,68.459610,268.347992,148.358597
25496_53431,ASCUS,0.646293,ASCUS,0.9972958,422.472931,279.354797,579.644775,437.381653
25496_53431,ASCUS,0.113823,ASCUS,0.64959437,83.729721,168.224762,245.840714,304.764160
18808_29719,ASCUS,0.022004,LSIL,0.8277323,23.772079,63.079323,227.951508,306.333282
14552_27895,ASCUS,0.841292,ASCUS,0.9943111,373.352356,38.038887,530.677185,211.252777
33400_13303,ASCUS,0.064142,ASCUS,0.9998035,311.655701,308.213562,482.466492,437.835449
29144_30327,ASCUS,0.273490,ASCUS,0.9971097,122.458038,199.789642,251.100281,431.887177
29144_30327,ASCUS,0.991052,ASCUS,0.9993765,296.335815,117.515900,552.090210,508.476166
41912_41879,ASCUS,0.992344,ASCUS,0.9987423,242.872406,245.273331,423.480072,406.727112
40696_29719,ASCUS,0.677066,ASCUS,0.99693465,9.119408,157.321762,128.414734,533.718872
40696_29719,ASCUS,0.969133,ASCUS,0.99683577,346.260010,91.787315,450.494934,188.231415
40696_29719,ASCUS,0.965157,ASCUS,0.99674404,391.436707,145.649521,469.889893,263.753418
40696_29719,ASCUS,0.899766,ASCUS,0.98647434,313.323364,173.778778,402.608887,300.534058
23672_8439,ASCUS,0.937098,ASCUS,0.9444591,254.368225,239.563019,397.007996,395.418060
23672_8439,ASCUS,0.776729,ASCUS,0.99996924,95.463463,52.619698,281.324280,164.358826
23672_8439,ASCUS,0.140823,ASCUS,0.9988733,268.292969,145.044495,364.727356,282.999603
40088_30327,ASCUS,0.226761,ASCUS,0.9855285,146.622879,459.419739,343.388184,576.470764
40088_30327,ASCUS,0.997346,ASCUS,0.8180063,6.197945,206.402176,177.441284,486.876526
27320_48567,ASCUS,0.265198,ASCUS,0.998502,369.342560,184.446381,505.756805,307.365143
27320_48567,ASCUS,0.721247,ASCUS,0.89087063,297.976624,252.145447,397.850159,401.330627
27320_48567,ASCUS,0.901205,ASCUS,0.98988533,362.339111,35.895737,559.214844,197.110962
27320_48567,ASCUS,0.019156,ASCUS,0.86674035,555.231628,106.464760,608.000000,206.720673
27320_48567,ASCUS,0.593027,ASCUS,0.9999651,481.346924,105.443245,585.124756,241.567902
27320_48567,ASCUS,0.990449,ASCUS,0.7126767,281.029785,392.374298,385.256165,533.439209
27320_48567,ASCUS,0.992025,ASCUS,0.9957201,228.029922,295.484375,306.354523,435.415771
30968_18775,ASCUS,0.994709,ASCUS,0.99868256,1.000000,4.389648,318.554443,334.158447
30968_18775,ASCUS,0.097572,ASCUS,0.99049896,1.000000,461.281097,56.553150,605.642761
11512_43703,ASCUS,0.564600,ASCUS,0.999895,214.941711,70.232224,474.431396,332.941772
20632_10263,ASCUS,0.820570,ASCUS,0.81913537,464.251770,170.497192,608.000000,390.130066
27320_9047,ASCUS,0.997362,ASCUS,0.9997713,41.798889,231.196747,208.053833,357.018890
36440_38839,ASCUS,0.991422,ASCUS,0.9999845,1.000000,225.611160,340.303650,406.155457
34008_13911,ASCUS,0.190222,ASCUS,0.95717543,57.687065,205.845627,159.818146,265.155060
26712_42487,ASCUS,0.254256,ASCUS,0.9461398,229.081055,6.715141,452.642456,145.790405
26712_42487,ASCUS,0.074624,ASCUS,0.9990777,308.230194,455.900238,390.636749,595.643433
52856_33975,ASCUS,0.097423,ASCUS,0.91948706,476.731812,181.463013,603.968628,372.689026
52856_33975,ASCUS,0.973077,ASCUS,0.9985441,199.926880,59.302246,305.931396,194.945068
32184_22423,ASCUS,0.122212,ASCUS,0.99993706,215.249023,296.061005,324.947205,420.664459
32184_22423,ASCUS,0.889674,ASCUS,0.9707159,286.097870,317.685608,462.552643,477.298706
32184_22423,ASCUS,0.162491,ASCUS,0.99919766,29.497826,183.418518,170.766510,323.454346
10296_43703,ASCUS,0.784007,ASCUS,0.9021937,354.660828,253.970428,501.417969,429.616547
10296_43703,ASCUS,0.085565,ASCUS,0.99382496,18.673012,427.758942,150.066406,543.942932
21848_34583,ASCUS,0.530678,ASCUS,0.99140793,232.016174,142.101929,401.779785,300.988403
5432_36407,ASCUS,0.443751,ASCUS,0.99714154,307.095612,216.709259,420.682465,319.125763
5432_36407,ASCUS,0.992015,ASCUS,0.74468607,202.130493,159.405182,319.692810,315.500641
23672_12695,ASCUS,0.845541,ASCUS,0.9767691,272.943451,429.450989,457.907562,558.411987
23672_12695,ASCUS,0.313910,ASCUS,0.9876479,230.322021,322.190063,402.671570,439.169800
34616_37015,ASCUS,0.511178,ASCUS,0.85040796,357.672638,192.807343,465.612091,347.006744
6040_27287,ASCUS,0.430643,ASCUS,0.98136073,312.325378,441.896729,602.416077,603.069092
30968_34583,ASCUS,0.895857,ASCUS,0.9752235,80.863205,122.868347,295.901672,284.451385
44344_30935,ASCUS,0.571948,ASCUS,0.9988418,336.452515,117.341438,488.034912,356.152252
44344_30935,ASCUS,0.546988,ASCUS,0.7772911,2.357723,22.047989,73.578888,211.224915
6648_26679,ASCUS,0.043680,ASCUS,0.9496443,436.989166,491.440308,547.776489,606.428101
6648_26679,ASCUS,0.014626,ASCUS,0.9999999,1.000000,76.228500,146.683655,317.669250
10904_19991,ASCUS,0.936757,ASCUS,0.999438,468.205872,447.963898,579.341858,588.182800
30968_40663,ASCUS,0.131939,ASCUS,0.9917448,433.948639,309.802917,584.673828,468.849304
30968_40663,ASCUS,0.080793,ASCUS,0.99925715,86.625076,23.314003,376.432861,186.065796
26104_45527,ASCUS,0.009049,ASCUS,0.9866139,377.689819,10.787689,560.607666,128.140518
26104_40663,ASCUS,0.020569,ASCUS,0.94277453,27.109756,1.000000,212.593018,249.717468
27928_27287,ASCUS,0.422014,ASCUS,0.6949868,96.109772,87.589813,438.276337,335.431732
34616_19991,ASCUS,0.822498,ASCUS,0.9301378,106.847519,290.890930,286.387756,440.006165
34616_19991,ASCUS,0.071164,ASCUS,0.9513877,197.976257,302.576477,291.448364,458.982849
27320_12695,ASCUS,0.868795,ASCUS,0.9030074,124.177109,6.638466,380.926086,242.162415
27320_12695,ASCUS,0.021034,ASCUS,0.7057304,162.963593,47.614235,312.557037,219.585541
14552_45527,ASCUS,0.391596,ASCUS,0.9999999,26.948902,279.603943,107.541809,451.027100
45560_32759,ASCUS,0.488823,ASCUS,0.99982315,17.328148,427.884491,199.723541,573.557556
45560_32759,ASCUS,0.055407,ASCUS,0.9999466,87.430710,186.009125,196.454391,307.662598
27928_48567,ASCUS,0.968652,ASCUS,0.50720525,39.792625,126.478729,242.002960,300.082611
26104_30327,ASCUS,0.219830,ASCUS,0.9993593,23.097298,344.785919,194.622467,514.766479
13336_16951,ASCUS,0.857053,ASCUS,0.9984785,5.783821,429.511414,162.595215,604.332214
13336_16951,ASCUS,0.853354,ASCUS,0.99986947,200.611450,455.108704,370.527832,579.979187
39480_52215,ASCUS,0.023058,LSIL,0.73283345,4.387207,8.361801,149.664017,114.594971
9080_28503,ASCUS,0.832870,ASCUS,0.97873724,484.569824,199.512817,590.585083,420.572571
9080_28503,ASCUS,0.992389,ASCUS,0.99999845,265.822021,444.418671,432.523804,544.478271
15768_17559,ASCUS,0.992053,ASCUS,0.99976677,142.026764,297.106934,287.011810,494.784424
39480_47351,ASCUS,0.408625,ASCUS,0.78171396,230.243729,76.210854,370.823792,253.807220
39480_47351,ASCUS,0.972136,ASCUS,0.9966144,131.605988,46.149574,261.001343,234.899841
43736_27287,ASCUS,0.906299,ASCUS,0.7608083,407.429260,250.551636,608.000000,499.130127
49208_20599,ASCUS,0.052627,ASCUS,0.77209926,409.945038,412.461121,559.369751,573.007812
49208_20599,ASCUS,0.435451,ASCUS,0.9985972,477.691833,136.800049,604.526672,271.913818
16376_38231,ASCUS,0.996633,ASCUS,0.93070656,80.657776,430.176880,218.206207,540.151123
41304_46135,ASCUS,0.970491,ASCUS,0.98153436,219.240005,87.918686,364.738953,256.432556
20024_27895,ASCUS,0.045067,ASCUS,0.9982785,327.476501,211.834808,561.071472,455.796295
52856_36407,ASCUS,0.027961,ASCUS,0.9786435,113.408264,76.043617,262.091827,289.140747
51032_36407,ASCUS,0.079535,ASCUS,0.80772185,308.619873,136.464172,518.576050,274.858826
51032_36407,ASCUS,0.659080,ASCUS,0.9956729,1.000000,27.725311,145.021149,279.679626
16376_9047,ASCUS,0.991957,ASCUS,0.9993961,266.488647,70.092293,366.008606,242.603943
44952_33975,ASCUS,0.915353,ASCUS,0.9624001,5.172947,185.642197,102.756912,302.748840
44952_33975,ASCUS,0.143646,ASCUS,0.99931824,1.000000,26.839333,94.568192,146.370117
6040_32759,ASCUS,0.040514,ASCUS,0.5351565,233.362701,363.790131,318.758820,443.665680
27928_50391,ASCUS,0.037063,ASCUS,0.9785969,393.713074,357.988281,527.031616,466.715820
27928_50391,ASCUS,0.469489,ASCUS,0.8921346,483.011292,191.441101,608.000000,315.708771
27928_50391,ASCUS,0.960055,ASCUS,0.9998455,96.128494,11.591240,373.457031,223.597290
27928_50391,ASCUS,0.133200,ASCUS,0.99937004,316.506073,482.390289,461.321686,567.307678
32792_26071,ASCUS,0.578223,ASCUS,0.9999951,202.074081,353.278198,369.772095,608.000000
32792_26071,ASCUS,0.118763,ASCUS,0.9360985,61.267288,204.266037,310.928406,354.274475
40088_16951,ASCUS,0.882071,ASCUS,0.9450661,276.111847,144.853195,546.236450,384.288879
40088_16951,ASCUS,0.166211,ASCUS,0.9963313,248.676575,30.040352,449.797852,171.143799
17592_27895,ASCUS,0.069948,ASCUS,0.9999064,481.345703,7.011322,585.676270,164.724747
19416_52215,ASCUS,0.504271,ASCUS,0.99458283,9.154549,283.981415,103.837013,503.042572
19416_52215,ASCUS,0.535783,ASCUS,0.9146914,240.052338,261.782898,427.677643,420.917603
5432_37015,ASCUS,0.689605,ASCUS,0.98694175,293.101318,237.778015,406.805054,476.829834
22456_7223,ASCUS,0.270387,ASCUS,0.9991972,280.255859,290.083862,450.267151,471.253052
20024_52215,ASCUS,0.803030,ASCUS,0.9589795,57.240707,1.000000,375.391968,338.644348
20024_52215,ASCUS,0.465444,ASCUS,0.97753066,303.094208,446.430328,544.580872,594.284424
20024_52215,ASCUS,0.070545,ASCUS,0.970423,72.130173,554.632507,162.187637,608.000000
15160_31543,ASCUS,0.854403,ASCUS,0.7742892,29.580399,292.472656,172.652573,406.984985
15160_31543,ASCUS,0.976700,ASCUS,0.99952817,469.565735,95.626175,608.000000,252.501266
15160_31543,ASCUS,0.424073,ASCUS,0.9955224,1.000000,332.983459,75.856644,461.598511
15160_31543,ASCUS,0.992358,ASCUS,0.99999,191.855957,409.890442,314.058350,545.211914
15160_31543,ASCUS,0.970280,ASCUS,0.5004981,156.137329,289.296997,270.513184,408.732483
52248_21815,ASCUS,0.594827,ASCUS,0.9322073,234.374680,82.269424,488.280457,289.227783
12728_47959,ASCUS,0.997020,ASCUS,0.98305434,6.195679,1.215485,295.114746,336.950165
12728_47959,ASCUS,0.064891,ASCUS,0.5379661,63.498077,264.317444,216.688599,521.450684
30968_10871,ASCUS,0.999816,ASCUS,0.99998987,35.344215,256.480316,231.744141,454.042023
13944_36407,ASCUS,0.368061,ASCUS,0.9975278,325.888519,391.453644,500.422699,513.249512
13944_36407,ASCUS,0.050763,ASCUS,0.52712095,29.163689,253.588211,243.838776,597.613586
25496_48567,ASCUS,0.999134,ASCUS,0.99965096,256.998657,60.908291,392.121338,176.168121
25496_48567,ASCUS,0.391512,ASCUS,0.9994555,270.560425,219.483200,443.100891,337.727478
35832_42487,ASCUS,0.641482,ASCUS,0.7440022,254.390350,175.772949,426.723236,329.281921
10296_14519,ASCUS,0.462899,ASCUS,0.9598928,208.822571,39.617798,345.021606,210.987991
27928_32759,ASCUS,0.855209,ASCUS,0.98759896,357.584503,217.452484,515.910278,367.642792
27928_32759,ASCUS,0.956652,ASCUS,0.999046,276.072937,234.356354,375.457031,383.412201
27928_32759,ASCUS,0.952079,ASCUS,0.7014949,268.410858,94.740883,382.238434,251.171875
39480_18775,ASCUS,0.736560,ASCUS,0.9995801,95.228851,226.601624,231.879486,342.918396
43736_40663,ASCUS,0.575263,ASCUS,0.9073134,367.309296,376.375824,606.083984,595.175903
43736_32151,ASCUS,0.877985,ASCUS,0.90565413,160.487213,346.043091,315.528107,511.287842
49208_19991,ASCUS,0.216433,ASCUS,0.7275112,445.751038,278.368958,602.417542,505.302551
23672_24247,ASCUS,0.330350,ASCUS,0.9946045,314.483765,190.033020,413.733093,315.540375
21848_50999,ASCUS,0.752385,ASCUS,0.9914146,542.140991,58.877960,602.478271,285.520966
30968_26071,ASCUS,0.711803,ASCUS,0.9997135,10.689556,227.249115,128.264557,465.520721
46168_18775,ASCUS,0.996440,ASCUS,0.9918576,325.079468,70.969223,418.219482,291.180359
40088_49783,ASCUS,0.245625,ASCUS,0.6069587,280.300110,113.255066,451.909424,296.206573
35224_7223,ASCUS,0.069363,ASCUS,0.9482312,55.560959,13.214035,192.817627,125.623077
53464_34583,ASCUS,0.005007,ASCUS,0.99963546,133.545944,277.010986,292.434143,436.592041
53464_34583,ASCUS,0.045426,LSIL,0.70864266,14.767754,179.410385,187.589386,342.703613
31576_33975,ASCUS,0.865954,ASCUS,0.99718374,358.362305,211.222351,562.394348,340.525269
35832_16343,ASCUS,0.081124,ASCUS,0.58820844,320.696686,68.643188,520.375366,228.076691
27320_47351,ASCUS,0.963765,ASCUS,0.80499434,227.654465,57.690079,405.468628,208.407791
27320_47351,ASCUS,0.847457,ASCUS,0.9896632,226.819183,188.164200,344.378754,334.443787
46168_38231,ASCUS,0.025178,ASCUS,0.5576666,2.925671,432.420074,85.919632,602.307007
51032_16343,ASCUS,0.272534,ASCUS,0.58744085,1.000000,322.998260,77.041977,486.772064
21240_49783,ASCUS,0.999357,ASCUS,0.99999404,257.443390,172.458008,474.245941,335.536133
23064_32759,ASCUS,0.228250,ASCUS,0.99023026,42.954567,334.999664,238.765961,507.528534
44952_20599,ASCUS,0.235006,ASCUS,0.5123483,161.140869,451.709412,344.321198,580.930725
35832_37623,ASCUS,0.386005,ASCUS,0.9813975,3.671616,72.035271,98.767235,243.498474
30968_24247,ASCUS,0.936742,ASCUS,0.9990922,90.962379,364.787628,272.678223,478.107574
30968_24247,ASCUS,0.110645,ASCUS,0.97757465,368.168793,126.881516,491.086456,251.511917
40088_49175,ASCUS,0.022429,ASCUS,0.9567648,232.973206,376.545471,395.132141,602.856323
40088_49175,ASCUS,0.087166,ASCUS,0.8019694,1.000000,435.961609,156.315887,597.623718
40088_49175,ASCUS,0.625304,ASCUS,0.960727,129.068542,414.812683,280.279358,571.992371
36440_25463,ASCUS,0.609597,ASCUS,0.93242216,510.138519,171.523590,605.408936,335.202789
43128_17559,ASCUS,0.051330,ASCUS,0.9995333,102.947609,27.110374,224.958710,126.297905
26712_44919,ASCUS,0.399614,ASCUS,0.9967873,214.231934,287.963013,355.713928,441.849304
37048_52823,ASCUS,0.670963,ASCUS,0.66278887,201.528625,98.825722,484.292847,266.696960
9688_26679,ASCUS,0.462804,ASCUS,0.55492413,333.199432,114.484085,478.209625,279.253357
9688_26679,ASCUS,0.009585,ASCUS,0.63275516,442.004578,61.567047,542.526672,221.064697
25496_23639,ASCUS,0.493670,ASCUS,0.98797286,428.308960,298.906006,542.170593,416.148071
41304_36407,ASCUS,0.014611,ASCUS,0.9852834,389.317383,77.679733,487.817810,236.135727
41304_36407,ASCUS,0.996358,ASCUS,0.99643624,417.911682,147.815872,593.903381,413.134155
41304_36407,ASCUS,0.934496,ASCUS,0.9969994,31.904282,290.517853,155.646973,440.926910
10904_42487,ASCUS,0.087976,ASCUS,0.9820065,62.378403,1.000000,203.239090,75.668983
10904_42487,ASCUS,0.079395,ASCUS,0.9967794,3.900696,304.486328,83.574776,426.562378
49816_32151,LSIL,0.325869,LSIL,0.52961427,322.169281,20.276642,595.386230,248.166748
18808_12695,ASCUS,0.990567,ASCUS,0.92450184,107.708733,277.620972,320.407898,503.961426
49816_28503,ASCUS,0.792728,ASCUS,0.5227114,95.179245,194.896530,250.084915,344.570435
27320_19383,ASCUS,0.748939,ASCUS,0.99987304,10.207130,449.586395,159.978546,534.086609
27320_19383,ASCUS,0.563193,ASCUS,0.9627774,413.088104,222.721436,524.180054,347.499451
8472_26679,ASCUS,0.854612,ASCUS,0.99998105,237.253845,373.168152,454.695862,603.165833
9688_30327,ASCUS,0.981887,ASCUS,0.9893457,2.731476,50.835922,117.805870,262.549988
26104_48567,ASCUS,0.764217,ASCUS,0.93930995,6.757065,139.891724,141.153748,422.267334
26104_48567,ASCUS,0.250139,ASCUS,0.99999166,433.714447,1.000000,608.000000,250.398468
26104_48567,ASCUS,0.061599,ASCUS,0.9993693,327.513245,26.408112,418.802979,174.880478
35832_13911,ASCUS,0.189026,ASCUS,0.99989796,385.500397,233.934326,518.385620,369.958618
35832_13911,ASCUS,0.835080,ASCUS,0.99839514,371.875610,106.971619,517.931152,209.479553
35832_13911,ASCUS,0.305444,ASCUS,0.9653376,292.589417,21.446659,549.928650,114.438370
42520_21815,ASCUS,0.467929,ASCUS,0.9345846,64.522934,51.077835,280.243286,184.259308
42520_21815,ASCUS,0.772313,ASCUS,0.9981358,49.107681,378.078491,233.182907,511.223328
42520_21815,ASCUS,0.189945,ASCUS,0.99467236,52.746063,242.001831,181.250549,391.216797
32792_24855,ASCUS,0.995024,ASCUS,0.99942505,299.818390,209.196304,495.263214,389.349792
48600_44919,ASCUS,0.010576,LSIL,0.96108,225.367630,1.000000,346.151306,112.523865
48600_44919,LSIL,0.322661,LSIL,0.75341994,334.797119,76.933388,425.079163,218.278564
48600_44919,LSIL,0.224583,LSIL,0.87984884,273.559204,390.660767,515.267395,608.000000
24888_51607,ASCUS,0.924736,ASCUS,0.9998635,108.916679,134.690201,361.541260,398.113342
24888_10263,ASCUS,0.511562,ASCUS,0.9965289,116.384247,279.851715,260.609070,385.700531
24888_10263,ASCUS,0.166899,ASCUS,0.852982,227.073181,277.102844,374.016846,388.620361
24888_10263,ASCUS,0.987091,ASCUS,0.996084,360.332703,45.832718,497.051941,221.010391
21848_17559,ASCUS,0.176626,ASCUS,0.9999484,277.076233,443.133179,451.343689,605.640259
21848_17559,ASCUS,0.212362,ASCUS,0.99858093,2.897457,448.670288,52.034565,519.453430
27928_30327,ASCUS,0.419766,ASCUS,0.6801362,512.254395,493.869446,603.649536,602.777039
27928_30327,ASCUS,0.267801,ASCUS,0.98974496,398.488953,391.615967,554.400879,563.633667
25496_29111,ASCUS,0.983457,ASCUS,0.99917656,69.824249,78.115356,195.406342,204.195038
25496_29111,ASCUS,0.972636,ASCUS,0.9998375,101.416580,177.573441,210.668137,265.948792
25496_29111,ASCUS,0.104476,ASCUS,0.9918194,198.585648,160.138123,291.795441,298.158417
25496_29111,ASCUS,0.084095,ASCUS,0.9962966,386.196167,443.787323,565.830750,558.642456
28536_13911,ASCUS,0.085795,ASCUS,0.78451484,202.928925,435.813080,352.027924,597.262573
44952_43095,ASCUS,0.391809,ASCUS,0.7723568,466.922913,7.467392,599.564392,195.319778
15160_29111,ASCUS,0.970943,ASCUS,0.9631803,379.735077,433.286682,526.372009,599.014954
15160_29111,ASCUS,0.897743,ASCUS,0.9999995,392.354248,126.778137,515.805176,236.428986
30360_54039,ASCUS,0.078554,ASCUS,0.56016546,418.346558,512.896973,567.888550,600.911865
31576_49783,ASCUS,0.240926,ASCUS,0.9963198,1.000000,111.426369,159.998810,265.438202
31576_49783,ASCUS,0.929430,ASCUS,0.99985456,66.245193,394.014740,186.139221,514.303467
10296_44919,ASCUS,0.095046,ASCUS,0.9999975,328.294373,406.436218,497.615051,548.252502
10296_44919,ASCUS,0.973517,ASCUS,0.98405576,8.818520,49.393799,238.447632,311.337250
37656_7831,ASCUS,0.959634,ASCUS,0.9966601,27.721756,463.211639,158.615936,604.193359
37656_7831,ASCUS,0.063620,ASCUS,0.97778976,440.934814,235.988953,608.000000,367.338318
37656_7831,ASCUS,0.123645,ASCUS,0.9997409,447.606567,462.194580,586.212402,585.921143
15160_36407,ASCUS,0.395746,ASCUS,0.9913463,204.259155,366.159241,335.748291,555.234680
15160_36407,ASCUS,0.173725,ASCUS,0.9952892,6.921715,209.562286,100.610596,516.114258
16984_31543,ASCUS,0.310521,ASCUS,0.99999917,228.458939,62.306736,324.346832,190.151337
16984_31543,ASCUS,0.118002,ASCUS,0.9957991,337.628632,455.805756,504.665863,579.462585
16984_31543,ASCUS,0.055154,ASCUS,0.999464,1.000000,490.621094,152.322372,592.176636
4216_33975,ASCUS,0.822643,ASCUS,0.9424467,262.475708,72.042152,453.088745,242.013245
26712_17559,ASCUS,0.999350,ASCUS,0.9996779,345.866791,372.023163,463.978546,503.093475
39480_19383,ASCUS,0.087526,ASCUS,0.9935981,218.706848,237.685959,382.864868,379.271423
27320_13303,ASCUS,0.995238,ASCUS,0.9405275,372.493561,246.584991,499.371185,370.272980
27928_25463,ASCUS,0.068607,ASCUS,0.9383717,218.231842,215.858673,415.688385,338.352448
9688_31543,ASCUS,0.498846,ASCUS,0.9995852,313.982666,100.516121,448.272949,277.359924
17592_9047,ASCUS,0.742741,ASCUS,0.77126014,158.864288,246.743347,371.566925,478.678772
35224_12695,ASCUS,0.081718,ASCUS,0.9996165,235.597137,90.913788,348.246918,225.561066
35832_27287,ASCUS,0.476840,ASCUS,0.9999963,385.571106,152.814240,600.922546,304.715515
51640_34583,ASCUS,0.019329,ASCUS,0.8575884,146.052734,500.015381,202.846985,567.137939
51640_34583,ASCUS,0.076219,ASCUS,0.9992649,403.149414,438.706207,565.799377,594.960022
51640_34583,ASCUS,0.889302,ASCUS,0.9999585,88.709671,460.376526,180.345139,521.811890
51640_34583,ASCUS,0.957643,ASCUS,0.52750266,4.173698,56.118759,241.782990,228.351303
51640_34583,ASCUS,0.978901,ASCUS,0.999315,67.944054,386.040314,183.494873,486.331940
51640_34583,ASCUS,0.734039,ASCUS,0.98476464,1.000000,452.604279,106.447144,582.275269
12728_34583,ASCUS,0.679337,ASCUS,0.9987589,311.848663,20.029259,497.439606,180.936279
12728_34583,ASCUS,0.059035,ASCUS,0.9371764,115.808632,373.937408,342.150391,483.322968
41912_45527,ASCUS,0.659489,ASCUS,0.97365946,128.851593,110.272324,361.387482,251.809525
41912_45527,ASCUS,0.941178,ASCUS,0.99799323,359.850464,408.154175,511.975586,563.120544
41912_45527,ASCUS,0.759247,ASCUS,0.9998764,240.346893,472.944092,374.349396,608.000000
39480_50999,ASCUS,0.933641,ASCUS,0.999522,175.370941,40.192074,344.510712,163.283005
38872_44919,ASCUS,0.075476,ASCUS,0.9984692,307.366699,416.288086,470.236267,554.723938
38872_44919,ASCUS,0.964786,ASCUS,0.99845076,169.012527,106.446968,276.286621,189.211517
38872_44919,ASCUS,0.953938,ASCUS,0.9945257,73.221359,65.108414,193.387161,184.039673
38872_44919,ASCUS,0.232420,ASCUS,0.9999826,537.679810,71.616447,608.000000,192.604584
47992_26071,ASCUS,0.614592,ASCUS,0.99667394,83.123756,252.137909,215.666229,447.487457
42520_33367,ASCUS,0.007099,ASCUS,0.9988931,60.124329,123.224747,220.873474,320.406250
42520_33367,ASCUS,0.662606,ASCUS,0.9959538,314.297546,53.357620,446.190613,229.003891
38264_41271,ASCUS,0.052316,ASCUS,0.9999968,406.486145,47.114502,594.801453,220.139221
38264_41271,ASCUS,0.985602,ASCUS,0.9999596,111.184555,165.255859,301.758911,323.437469
38264_41271,ASCUS,0.069188,ASCUS,0.9995135,3.712860,391.963287,165.556335,546.873535
21848_41879,ASCUS,0.396116,ASCUS,0.998926,449.849304,220.756897,600.301941,380.660583
35832_21207,ASCUS,0.880914,ASCUS,0.9971343,83.885513,274.898438,180.401627,438.368164
35832_21207,ASCUS,0.419710,ASCUS,0.99973005,118.061325,189.653046,293.210693,269.358887
16376_34583,ASCUS,0.832779,ASCUS,0.99999714,192.287491,353.560577,250.016220,506.299896
32184_30935,ASCUS,0.741773,ASCUS,0.58359843,1.000000,198.368591,247.352951,400.852478
32184_30935,ASCUS,0.045024,ASCUS,0.99962115,292.523010,205.317230,467.609009,364.473785
32184_30935,ASCUS,0.891024,LSIL,0.6028201,381.451599,10.702843,490.991455,94.701469
50424_40055,ASCUS,0.176369,ASCUS,0.9874111,367.340485,108.344826,505.350677,303.193878
50424_40055,ASCUS,0.877718,ASCUS,0.97607213,17.052330,366.342529,169.984131,508.608093
50424_40055,ASCUS,0.207970,ASCUS,0.98918754,76.246506,465.165375,269.928894,583.534668
18808_37015,ASCUS,0.012660,ASCUS,0.98816234,470.011353,229.568817,608.000000,404.588593
27928_40055,ASCUS,0.114012,ASCUS,0.99815506,138.543091,342.794220,317.773865,480.812103
20024_26679,ASCUS,0.285206,ASCUS,0.7115484,332.865173,33.544853,524.588623,169.911346
7864_16951,ASCUS,0.096552,ASCUS,0.89295,132.196060,167.446503,301.171326,427.834747
18200_21207,ASCUS,0.918197,ASCUS,0.9999727,8.765610,14.433517,358.211487,326.923767
18200_21207,ASCUS,0.932929,ASCUS,0.99999976,504.458527,102.474289,596.148987,194.140640
25496_15735,ASCUS,0.055601,ASCUS,0.9652485,89.758293,321.023438,344.906342,494.859619
17592_19383,ASCUS,0.990641,ASCUS,0.938346,39.276169,322.871094,227.895432,518.042358
17592_19383,ASCUS,0.654715,ASCUS,0.9951934,1.000000,107.367302,89.605072,287.946411
40088_10871,ASCUS,0.097924,ASCUS,0.9901299,264.339478,540.866577,355.648254,608.000000
24888_29111,ASCUS,0.239235,ASCUS,0.8879209,5.728470,330.674133,162.833603,479.546936
24888_29111,ASCUS,0.963747,ASCUS,0.9920626,129.986267,483.216614,245.499695,598.761047
41304_23639,ASCUS,0.816897,ASCUS,0.99992836,243.903412,130.704285,389.208649,280.487732
46168_46743,ASCUS,0.966501,ASCUS,0.99916196,6.023270,297.616577,244.781143,433.142334
41912_38231,ASCUS,0.911716,ASCUS,0.99949646,142.991913,44.141430,283.460022,171.154434
46168_42487,ASCUS,0.992599,ASCUS,0.9997037,369.851837,1.000000,551.368530,202.830505
46168_42487,ASCUS,0.202826,ASCUS,0.9999734,1.000000,56.744591,212.780731,280.968719
40088_37015,ASCUS,0.191375,ASCUS,0.8500425,464.723450,31.637527,587.916931,170.618988
38872_38231,ASCUS,0.407943,ASCUS,0.9888282,294.777527,12.545036,466.898682,142.125702
38872_38231,ASCUS,0.173940,ASCUS,0.9981377,211.463776,533.572571,343.680267,608.000000
36440_11479,ASCUS,0.668746,ASCUS,0.99730104,1.000000,66.184906,158.015717,198.542877
49816_21815,ASCUS,0.896352,ASCUS,0.9999355,244.717987,7.575386,340.405365,98.702904
29752_40663,ASCUS,0.071254,ASCUS,0.99915147,301.227570,427.341187,509.091644,573.914978
26712_40663,ASCUS,0.293250,ASCUS,0.5249812,345.569244,101.251556,561.865906,215.181763
26712_40663,ASCUS,0.142133,ASCUS,0.64987415,405.793915,368.390808,503.715424,536.115234
20632_13303,ASCUS,0.972541,ASCUS,0.7599385,25.134003,11.112000,251.499451,289.296326
20632_13303,ASCUS,0.012482,ASCUS,0.98233515,301.371033,25.470009,413.549255,159.255585
20632_13303,ASCUS,0.277317,ASCUS,0.8740551,271.125092,314.831055,608.000000,502.113708
30968_49175,ASCUS,0.021879,ASCUS,0.9973247,264.640198,1.000000,587.045898,116.334946
32792_18167,ASCUS,0.128027,ASCUS,0.9987866,300.332397,76.316597,416.115906,189.495941
27320_33975,ASCUS,0.925698,ASCUS,0.9851425,165.160629,8.556229,429.294434,353.799438
24888_7831,ASCUS,0.428982,ASCUS,0.8759575,301.319550,10.861946,541.041382,143.168152
24888_7831,ASCUS,0.821442,ASCUS,0.9998828,65.012062,141.387421,200.196747,301.718750
24888_7831,ASCUS,0.337684,ASCUS,0.9999795,307.828796,227.743179,424.340332,311.594177
20024_25463,ASCUS,0.956699,ASCUS,0.9953276,330.621582,65.849304,482.387329,265.233765
20024_25463,ASCUS,0.013703,LSIL,0.9688581,149.690079,469.209381,387.909546,581.059448
43736_35799,ASCUS,0.184795,ASCUS,0.6915801,42.417603,181.212723,223.930206,307.487671
43736_35799,LSIL,0.142779,LSIL,0.8901439,382.483337,288.378387,605.112366,410.489594
17592_12695,ASCUS,0.460863,ASCUS,0.7880483,210.626144,266.683228,407.624817,383.165283
17592_12695,ASCUS,0.110530,ASCUS,0.7524986,16.682480,101.931915,90.453522,181.302094
26712_10871,ASCUS,0.973799,ASCUS,0.81771934,250.139679,284.542236,448.488434,414.388672
24280_47959,ASCUS,0.995732,ASCUS,0.9999746,487.264954,359.507782,564.937805,529.252808
24280_47959,ASCUS,0.530253,ASCUS,0.9981634,59.837799,28.443344,252.137421,271.653442
29144_35799,ASCUS,0.601067,ASCUS,0.9963486,176.348267,3.026413,264.502777,199.731064
29144_35799,ASCUS,0.119368,ASCUS,0.99410903,23.124680,5.647987,130.996017,100.950981
6040_30935,LSIL,0.816199,LSIL,0.72183466,103.797348,79.116379,227.701889,169.799194
46168_26679,ASCUS,0.051915,ASCUS,0.9904784,84.449768,343.414215,318.087921,600.650879
46168_26679,ASCUS,0.101398,ASCUS,0.9999224,328.111359,12.345398,447.296783,140.597153
20024_11479,ASCUS,0.703215,ASCUS,0.9851596,5.429245,331.320129,201.377289,518.960022
20024_11479,ASCUS,0.051820,ASCUS,0.99995637,228.890228,440.076599,374.629913,526.848083
49208_26071,ASCUS,0.026044,ASCUS,0.9942417,1.000000,365.493256,175.557770,580.887268
9688_16951,ASCUS,0.994306,ASCUS,0.6452634,30.790817,64.418716,275.125366,400.702515
26104_53431,ASCUS,0.804910,ASCUS,0.9927532,160.349060,224.248581,346.173340,361.169678
26104_53431,ASCUS,0.712097,ASCUS,0.9947489,32.428932,154.703140,184.733643,226.141525
19416_13303,ASCUS,0.501166,ASCUS,0.9999969,45.597713,259.061157,143.267090,330.311401
29752_37015,ASCUS,0.263370,ASCUS,0.9997588,1.434517,25.560555,150.765167,125.452003
29752_37015,ASCUS,0.084724,ASCUS,0.9724352,448.767700,298.248077,538.141846,446.770844
29752_37015,ASCUS,0.087197,ASCUS,0.98916876,273.306458,8.532249,406.572205,147.467743
23064_41879,ASCUS,0.909176,ASCUS,0.9994097,404.837189,14.567978,489.931366,86.856911
23064_41879,ASCUS,0.985938,ASCUS,0.99812573,369.248688,65.658432,455.071625,150.303558
23064_41879,ASCUS,0.999623,ASCUS,0.99954224,271.276489,6.164669,411.085876,131.450104
23064_41879,ASCUS,0.051089,ASCUS,0.97777367,7.024529,131.158234,162.477844,231.254211
43736_33367,ASCUS,0.659426,ASCUS,0.9999651,5.396034,12.088440,165.139832,141.556808
43736_33367,ASCUS,0.097759,ASCUS,0.9929744,427.863281,33.766716,527.218201,186.341675
13336_30935,ASCUS,0.285471,ASCUS,0.9675011,442.916809,90.269356,589.104431,239.264252
30360_21207,ASCUS,0.213752,ASCUS,0.9999939,7.055906,10.945107,50.028038,144.030334
44952_27895,ASCUS,0.779227,ASCUS,0.9999863,74.896904,193.411011,192.256683,280.811707
44952_27895,ASCUS,0.712496,ASCUS,0.98883176,214.733749,1.000000,520.995483,488.604797
23672_37623,ASCUS,0.980623,ASCUS,0.9966934,190.923492,113.004501,367.015167,344.986145
27928_31543,ASCUS,0.781928,ASCUS,0.99896836,121.640198,229.674713,285.987610,458.964203
27928_31543,ASCUS,0.952038,ASCUS,0.99999857,226.067139,79.346619,563.404480,318.741913
15768_48567,ASCUS,0.998762,ASCUS,0.9888946,290.695557,312.346313,472.962769,510.387146
51640_39447,ASCUS,0.029718,ASCUS,0.9993001,137.583130,124.378990,423.575867,304.999756
28536_16951,ASCUS,0.135605,ASCUS,0.99789196,112.539993,413.642303,297.589233,573.588989
41912_12695,ASCUS,0.549371,ASCUS,0.9865383,469.445892,449.285919,597.841125,571.612854
41912_12695,ASCUS,0.263104,ASCUS,0.9862743,294.156006,434.961975,498.672485,535.667786
41912_12695,ASCUS,0.160186,ASCUS,0.98227906,1.000000,24.601982,182.372986,177.782196
12120_37015,ASCUS,0.024083,LSIL,0.9999995,155.660889,96.366394,608.000000,572.017334
23672_41271,ASCUS,0.583733,ASCUS,0.98233163,436.392761,260.190399,606.653625,558.156982
20632_46743,ASCUS,0.905296,ASCUS,0.99010813,5.323662,275.456848,174.472748,539.806091
20632_46743,ASCUS,0.243975,ASCUS,0.99881965,352.408447,458.062134,585.809692,543.819153
8472_31543,ASCUS,0.941586,ASCUS,0.99998367,75.363380,12.458488,240.658783,157.636383
8472_31543,ASCUS,0.298655,ASCUS,0.8734431,63.414219,317.994690,169.262711,427.735596
46168_33367,ASCUS,0.884670,ASCUS,0.98456997,324.310638,162.341583,517.061035,281.305511
46168_33367,ASCUS,0.972794,ASCUS,0.9817811,379.720947,262.578369,480.489807,435.808594
46168_33367,ASCUS,0.049168,ASCUS,0.9871847,33.908623,253.991638,211.621704,535.366211
6648_22423,ASCUS,0.024433,ASCUS,0.9998436,5.233871,445.708374,117.358543,604.527466
6648_22423,ASCUS,0.995510,ASCUS,0.99692196,509.814514,374.721436,572.987366,515.470581
37656_26071,ASCUS,0.109647,ASCUS,0.88100326,478.598816,328.787689,555.397278,398.533661
45560_15127,ASCUS,0.062137,ASCUS,0.97294134,293.687622,6.559185,484.030945,115.093384
30968_16343,ASCUS,0.840357,ASCUS,0.9996723,49.971050,385.912903,107.954208,453.650574
29752_17559,ASCUS,0.844455,ASCUS,0.99686795,8.992416,188.709961,210.244598,529.922485
29752_17559,ASCUS,0.055317,ASCUS,0.9369711,181.971207,11.097389,290.495209,157.974915
42520_39447,ASCUS,0.672214,ASCUS,0.93772686,381.587311,340.506683,533.081543,572.976990
15768_44311,ASCUS,0.011991,ASCUS,0.9791253,429.769897,350.904755,603.246704,475.274017
40088_18775,ASCUS,0.059523,ASCUS,0.9960084,170.956512,478.448456,399.156158,569.692932
40088_18775,ASCUS,0.914512,ASCUS,0.9798829,98.163788,8.437965,247.497314,144.328430
40088_18775,ASCUS,0.094129,ASCUS,0.97686744,474.039734,455.868774,608.000000,561.929138
24280_27895,ASCUS,0.051611,ASCUS,0.9249118,293.422119,12.305824,608.000000,230.962036
41304_13303,ASCUS,0.498502,ASCUS,0.99998915,510.252167,318.495087,604.734741,424.579132
41304_13303,ASCUS,0.298496,ASCUS,0.69473577,18.510841,223.378448,169.794922,379.416901
34616_51607,ASCUS,0.090035,ASCUS,0.43819156,1.000000,13.096825,154.962234,157.448578
34616_51607,ASCUS,0.071631,ASCUS,0.98732287,85.276062,436.754517,260.278748,597.282959
31576_24855,ASCUS,0.159300,ASCUS,0.9973634,75.133461,358.796326,224.161652,499.684875
31576_24855,ASCUS,0.994634,ASCUS,0.999977,343.745697,487.537659,466.540680,592.399231
31576_24855,ASCUS,0.902113,ASCUS,0.8572656,247.282562,476.108337,371.749176,605.591370
29752_10871,ASCUS,0.982464,ASCUS,0.90883833,89.126312,37.828140,248.746796,269.648132
36440_32151,ASCUS,0.024372,ASCUS,1.0,319.979095,328.823700,457.666901,449.678802
38264_49783,ASCUS,0.674113,ASCUS,0.9109787,114.895561,297.705505,232.073395,431.786926
38264_49783,ASCUS,0.049445,ASCUS,0.99879634,127.888336,178.157837,234.653534,344.872070
38264_49783,ASCUS,0.669902,ASCUS,0.8157729,99.443893,76.876778,277.946960,221.666168
38264_49783,ASCUS,0.497171,ASCUS,0.5891492,1.000000,217.309143,77.511322,352.850708
38264_49783,ASCUS,0.288588,ASCUS,0.98154426,2.290989,103.007607,106.120209,243.227112
34616_38231,ASCUS,0.556452,ASCUS,0.99996364,1.000000,360.598022,177.736084,496.026611
4824_33975,ASCUS,0.107751,ASCUS,0.84541315,377.672821,285.015289,527.146118,399.402130
4824_33975,ASCUS,0.973999,ASCUS,0.9999865,44.109093,75.413887,206.427399,255.079041
4824_33975,LSIL,0.415482,LSIL,0.92557126,400.715424,353.299286,584.817627,504.449432
4824_33975,LSIL,0.136801,LSIL,0.99966013,426.531738,350.181213,560.183044,444.311157
35832_10871,ASCUS,0.987026,ASCUS,0.9803662,205.238312,484.954407,350.295502,608.000000
35832_10871,ASCUS,0.969131,ASCUS,0.9987174,116.389542,406.156860,260.410339,514.704956
35832_10871,ASCUS,0.702005,ASCUS,0.9998306,120.215179,40.155609,315.899384,299.619751
51032_23639,ASCUS,0.006856,ASCUS,0.80873936,48.821732,110.107193,388.636597,424.339783
51032_23639,ASCUS,0.095673,ASCUS,0.9999714,1.000000,5.581757,434.217651,608.000000
47992_33975,ASCUS,0.942529,ASCUS,0.9999995,490.628174,103.317307,575.662964,223.961319
47992_33975,ASCUS,0.065073,ASCUS,0.97389144,153.150085,26.091118,271.989044,142.312805
38264_24855,ASCUS,0.522780,ASCUS,0.99997675,323.137329,312.887695,452.918335,433.206726
26712_21815,ASCUS,0.361188,ASCUS,0.99991584,217.234406,268.227051,373.460236,485.132141
26712_21815,LSIL,0.142971,LSIL,0.58781725,381.952240,426.879150,573.628296,591.955078
26104_51607,ASCUS,0.154185,ASCUS,0.8465742,312.282776,290.313904,608.000000,595.367615
26104_51607,ASCUS,0.102076,ASCUS,0.99482524,224.865173,184.001053,425.396851,291.193237
50424_23639,ASCUS,0.121216,ASCUS,0.987334,189.008148,532.518616,300.776459,608.000000
50424_23639,ASCUS,0.991969,ASCUS,0.99982697,452.652924,60.368561,596.465271,173.943451
50424_23639,LSIL,0.282756,LSIL,0.5414796,189.008148,532.518616,300.776459,608.000000
44952_13911,ASCUS,0.744158,ASCUS,0.9999968,486.292725,280.118042,577.266357,432.197876
44952_13911,ASCUS,0.493676,ASCUS,0.9992901,2.256317,294.049896,100.434250,418.894867
6040_23639,ASCUS,0.439339,ASCUS,0.99788576,75.722382,171.909607,269.370575,358.612366
6040_23639,LSIL,0.506548,LSIL,0.9934331,386.959656,398.084686,567.246277,573.115845
11512_25463,ASCUS,0.017225,ASCUS,0.9991818,131.797760,257.819519,300.908844,528.522949
41304_50391,ASCUS,0.994085,ASCUS,0.99234676,398.424225,365.054749,607.330200,607.610291
22456_21207,ASCUS,0.649065,ASCUS,0.99953544,271.872406,48.241013,393.595428,188.852127
10296_30327,ASCUS,0.236614,ASCUS,0.99361974,257.885956,197.301270,455.454742,356.904785
10296_30327,ASCUS,0.979802,ASCUS,0.958756,57.685646,38.658035,226.186310,212.639389
10296_30327,ASCUS,0.661596,ASCUS,0.953664,452.782623,522.041626,581.058167,608.000000
16984_32151,ASCUS,0.442828,ASCUS,0.9184297,275.388367,125.776550,454.698608,251.527649
16984_32151,ASCUS,0.231553,ASCUS,0.56823415,359.108154,231.649887,515.478455,370.863403
16984_32151,ASCUS,0.065450,ASCUS,0.9928657,8.340927,479.511017,209.907776,587.086975
10904_14519,ASCUS,0.917169,ASCUS,0.9999783,469.925110,14.588005,602.406189,226.946686
35224_26679,ASCUS,0.477461,ASCUS,0.99998367,109.309662,401.422577,238.460419,489.174469
35224_26679,ASCUS,0.495854,ASCUS,0.9943099,274.607788,538.872253,372.022522,608.000000
35224_26679,ASCUS,0.064280,ASCUS,0.9764124,504.590942,180.415558,605.829834,374.630524
22456_27287,ASCUS,0.886402,ASCUS,0.9982002,104.956612,252.989563,242.856140,351.423950
22456_27287,ASCUS,0.059119,ASCUS,0.7019432,338.798706,172.881683,599.961731,360.728241
19416_6615,ASCUS,0.043311,ASCUS,0.9920249,369.292664,279.784241,607.941956,608.000000
19416_6615,ASCUS,0.009846,ASCUS,0.9942151,445.694153,414.972900,604.901794,570.767944
9080_29719,ASCUS,0.790360,ASCUS,0.9941473,3.080143,348.112610,114.993851,461.551636
24280_24247,ASCUS,0.079345,ASCUS,0.99882084,482.868988,136.396454,598.068848,258.754181
36440_35191,ASCUS,0.999297,ASCUS,0.9996711,274.925049,63.308304,437.393494,200.649002
36440_35191,ASCUS,0.877890,ASCUS,0.9952152,151.059052,398.837891,259.197723,554.589111
40088_26679,ASCUS,0.785170,ASCUS,0.9660168,37.395752,355.305084,237.478882,565.041138
40088_26679,ASCUS,0.654625,ASCUS,0.9999248,177.191833,417.301208,409.223083,519.756775
40088_26679,ASCUS,0.950630,ASCUS,0.9995604,350.854980,187.168381,491.466553,353.550049
48600_20599,ASCUS,0.754611,ASCUS,0.99998367,254.147507,9.149490,411.411255,160.544907
48600_20599,ASCUS,0.699801,ASCUS,0.99398154,168.650970,218.672592,271.184509,353.809692
47992_14519,ASCUS,0.972890,ASCUS,0.76453465,97.519424,357.158691,266.409912,533.074402
30968_41271,ASCUS,0.014937,ASCUS,1.0,261.093567,217.483612,358.921387,472.124664
42520_45527,ASCUS,0.471383,ASCUS,0.9965663,227.347977,402.579559,342.058502,505.465973
46168_35799,ASCUS,0.978641,ASCUS,0.9999372,183.624115,345.562500,289.015930,511.899719
46168_35799,ASCUS,0.027888,ASCUS,0.9545316,156.457275,296.684448,309.875275,557.067566
51032_34583,ASCUS,0.125039,ASCUS,0.9999831,140.772278,1.931000,333.363129,105.578278
10296_24855,ASCUS,0.996323,ASCUS,0.996761,237.145020,91.436218,346.103577,237.636353
47384_34583,ASCUS,0.989418,ASCUS,0.9996544,327.131134,357.041382,479.741913,598.053223
19416_19991,LSIL,0.899484,LSIL,0.91372436,4.326477,184.375031,306.295044,403.667145
33400_15735,ASCUS,0.134116,ASCUS,0.9764425,391.296204,445.576233,514.782959,587.709900
15768_26071,ASCUS,0.997452,ASCUS,0.99706,432.006165,1.000000,608.000000,338.376190
24280_41271,ASCUS,0.035755,LSIL,0.99998903,2.907227,273.860291,168.879288,576.002808
43736_37623,ASCUS,0.990994,ASCUS,0.99531096,43.579407,93.786598,257.569550,336.963470
47992_32759,ASCUS,0.989598,ASCUS,0.77563936,274.860901,186.094849,473.760010,350.666931
38264_21207,ASCUS,0.083116,ASCUS,0.9987809,172.198502,56.672249,351.961914,175.699738
38264_21207,ASCUS,0.547902,ASCUS,0.99972695,68.178635,217.156433,181.284744,319.880981
38264_21207,ASCUS,0.446954,ASCUS,0.999895,298.357300,476.655823,415.180786,605.302063
38264_21207,ASCUS,0.284553,ASCUS,0.9998951,48.166634,289.053192,184.721130,411.001923
14552_26679,ASCUS,0.920893,ASCUS,0.99778074,427.257751,71.961624,608.000000,225.654861
14552_26679,ASCUS,0.427335,ASCUS,0.99999654,309.345490,90.784920,420.681183,224.358032
42520_27287,ASCUS,0.005866,ASCUS,0.998615,135.847778,348.731079,322.904633,509.857666
10904_33975,ASCUS,0.901980,ASCUS,0.47883412,368.390503,203.320862,605.901367,608.000000
7864_15127,ASCUS,0.086474,ASCUS,0.9996207,509.848816,325.346252,603.557556,418.575806
50424_41271,ASCUS,0.977065,ASCUS,0.994747,403.543335,18.508194,608.000000,183.014816
41304_28503,ASCUS,0.037896,ASCUS,0.99999833,1.000000,7.281654,181.798813,116.505241
7256_41879,ASCUS,0.031771,ASCUS,0.9921542,327.480957,49.566101,498.055176,199.896408
49816_16343,ASCUS,0.048499,ASCUS,0.99990857,92.971977,235.068054,268.852081,400.292847
3608_27287,ASCUS,0.010186,ASCUS,0.9989241,70.773178,49.585266,338.141968,218.945496
13336_17559,ASCUS,0.168202,ASCUS,0.9980469,263.729004,7.492920,435.304932,192.658447
19416_12695,ASCUS,0.999789,ASCUS,0.9999734,141.673752,96.150047,302.005859,263.154388
10904_25463,ASCUS,0.990711,ASCUS,0.99982625,298.119812,41.951103,446.582153,222.753510
10904_25463,ASCUS,0.166141,ASCUS,0.7601447,427.251282,81.135796,559.504456,185.324890
32792_10871,ASCUS,0.265796,ASCUS,0.9179712,3.596596,67.752968,100.313057,168.562195
49208_19383,ASCUS,0.985008,ASCUS,0.97618276,382.844025,413.156281,521.593018,587.002075
49208_19383,ASCUS,0.091405,ASCUS,0.9975318,293.826782,141.248108,437.296692,287.162659
45560_24247,ASCUS,0.552615,ASCUS,0.9996853,3.669304,469.464355,57.360992,580.085205
29752_15127,ASCUS,0.079706,ASCUS,0.85817134,428.237122,401.159698,587.721130,552.107422
19416_18167,ASCUS,0.149946,ASCUS,0.9999865,39.922729,10.657585,224.978058,174.429291
23672_13911,ASCUS,0.742352,ASCUS,0.9999293,433.088257,330.692078,566.223389,443.411316
38872_21815,ASCUS,0.091974,ASCUS,0.9736091,199.751572,63.664795,354.764648,201.327759
18200_19991,ASCUS,0.091422,ASCUS,0.9437673,397.478455,275.039520,493.308411,438.002289
15768_12087,ASCUS,0.704726,ASCUS,0.99999917,221.349533,150.031189,335.036835,308.107056
15768_12087,ASCUS,0.521678,ASCUS,0.99999166,67.839096,436.088715,181.999573,550.450439
26712_46743,ASCUS,0.159110,ASCUS,0.9793357,1.000000,381.702698,127.141350,558.360596
26712_46743,ASCUS,0.986947,ASCUS,0.91968906,248.604218,107.223938,415.566559,365.918427
24888_24247,ASCUS,0.005445,ASCUS,0.9971673,101.978844,114.557938,242.786377,281.061829
24888_24247,ASCUS,0.144925,ASCUS,0.9991078,12.505066,283.881592,142.663239,463.825806
28536_42487,ASCUS,0.024633,LSIL,0.98320067,457.675293,428.858948,514.645935,605.321716
4216_35191,ASCUS,0.117867,ASCUS,0.80551326,68.583534,228.837051,278.170746,324.806000
4216_35191,ASCUS,0.321023,ASCUS,0.9694985,499.119690,282.213715,602.036682,498.699066
4216_35191,ASCUS,0.027422,LSIL,0.78443414,63.931484,12.176468,185.249603,159.928864
23672_9655,ASCUS,0.854088,ASCUS,0.87386906,1.000000,95.996658,219.247894,368.518616
34616_12695,ASCUS,0.978671,ASCUS,0.7370452,395.628693,55.893867,588.843506,278.726746
12120_44311,ASCUS,0.504269,ASCUS,0.9480123,273.064270,129.860382,505.953796,278.048553
12120_44311,ASCUS,0.055466,ASCUS,0.9998735,308.904053,455.414276,435.831543,608.000000
9080_24247,ASCUS,0.951764,ASCUS,0.99848855,364.927002,137.463638,492.933167,273.438293
27320_51607,ASCUS,0.398876,ASCUS,0.9977654,1.000000,1.000000,365.013580,381.929077
38264_38231,ASCUS,0.007826,ASCUS,0.9984388,169.841003,350.089020,332.408905,537.538452
38264_38231,ASCUS,0.242366,ASCUS,0.97658664,414.089050,328.740845,493.996399,398.226868
38264_38231,ASCUS,0.234472,ASCUS,0.99937266,455.840088,345.608002,546.776001,448.951263
38264_38231,ASCUS,0.086442,ASCUS,0.9991947,64.235046,301.671051,169.756714,397.126007
13336_41879,ASCUS,0.988415,ASCUS,0.9447218,435.386292,253.162170,568.343567,540.106262
13336_41879,ASCUS,0.057833,ASCUS,0.9966182,5.710529,474.217499,101.863617,608.000000
37048_26071,ASCUS,0.970119,ASCUS,0.9981077,401.770660,7.642105,608.000000,193.651321
40696_47351,ASCUS,0.184615,ASCUS,0.9892272,279.426758,36.480400,469.487122,272.614197
51640_29719,ASCUS,0.040446,ASCUS,0.9999778,239.181274,158.080444,458.325562,316.062317
12728_39447,ASCUS,0.906577,ASCUS,0.9999188,373.598877,433.262573,550.479492,554.554626
12728_39447,ASCUS,0.993272,ASCUS,0.9999999,67.153389,318.610596,201.686737,505.872986
26104_31543,ASCUS,0.150326,ASCUS,0.99968433,1.000000,43.564678,123.512192,140.645355
26104_31543,ASCUS,0.987405,ASCUS,0.9976661,364.025818,339.407440,539.698608,549.649963
7864_40663,ASCUS,0.994620,ASCUS,0.9965653,179.816650,72.767120,324.406982,425.480103
7864_40663,ASCUS,0.556050,ASCUS,0.9990677,300.416840,324.517181,459.368134,421.212921
7864_40663,ASCUS,0.070064,ASCUS,0.8170056,423.725861,465.473389,546.120544,584.926758
33400_33975,ASCUS,0.798257,ASCUS,0.9999931,8.634171,538.625244,129.039398,607.933228
33400_33975,ASCUS,0.120709,ASCUS,0.999556,452.848602,239.360443,580.601746,330.283722
6040_38231,ASCUS,0.935007,ASCUS,0.87622297,324.929626,288.531006,534.442627,428.213379
29752_48567,ASCUS,0.093129,ASCUS,0.9836189,519.552673,127.342926,608.000000,251.606415
29752_48567,ASCUS,0.997212,ASCUS,0.99636495,229.813293,232.950943,322.091858,370.277039
37048_46135,ASCUS,0.991154,ASCUS,0.9920799,51.992439,445.748657,294.478058,569.351257
26104_36407,ASCUS,0.641121,ASCUS,0.9994885,353.287903,152.182632,469.926025,254.932053
26104_36407,ASCUS,0.127511,ASCUS,0.9882555,353.263702,434.088989,608.000000,608.000000
38264_16343,ASCUS,0.992638,ASCUS,0.9692666,261.795471,128.846985,459.380981,367.606995
17592_21815,ASCUS,0.037826,ASCUS,0.9841957,296.373962,1.917061,490.243103,211.827759
29752_38839,ASCUS,0.924249,ASCUS,0.99950254,126.555725,7.078445,235.402954,145.334976
23672_52215,ASCUS,0.672938,ASCUS,0.9996494,51.082504,24.238670,230.727432,194.404388
32792_21815,ASCUS,0.453451,ASCUS,0.9988349,158.202637,501.054108,284.858398,598.128052
42520_20599,ASCUS,0.099325,ASCUS,0.6320889,146.636887,445.076416,310.090820,573.702515
30360_46743,ASCUS,0.285888,ASCUS,0.999851,405.586975,228.163574,565.063965,388.644836
30360_46743,ASCUS,0.997810,ASCUS,0.9949368,193.453278,444.236023,342.583649,603.808655
31576_13303,ASCUS,0.995091,ASCUS,0.99526155,58.261269,157.839203,206.390228,301.698853
20024_26071,ASCUS,0.141124,ASCUS,0.99783653,56.739868,195.893768,226.093658,342.566315
44344_35799,ASCUS,0.984780,ASCUS,0.99999166,336.780273,452.996185,444.044189,565.382141
44344_35799,ASCUS,0.109818,ASCUS,0.996225,91.396927,430.146118,172.625198,521.536560
42520_8439,ASCUS,0.925671,ASCUS,0.9999926,163.529602,433.028900,375.878479,597.830322
44344_33975,ASCUS,0.983058,ASCUS,0.83248925,485.018158,10.495255,608.000000,192.993362
27928_21207,ASCUS,0.995356,ASCUS,0.9988084,72.365791,138.444153,273.726562,303.019684
47384_42487,ASCUS,0.621089,ASCUS,0.9986979,17.050232,390.596741,154.747223,567.221619
47384_42487,ASCUS,0.934251,ASCUS,0.99721414,38.327141,243.324585,166.608521,437.308105
18200_41879,ASCUS,0.060666,ASCUS,0.9856296,528.039917,426.212219,605.247803,559.723022
26712_23031,ASCUS,0.083648,ASCUS,0.57118297,52.893490,513.755737,179.995163,602.096436
34008_44311,ASCUS,0.881586,ASCUS,0.99978215,233.565674,358.226868,384.918091,452.599670
46776_19383,ASCUS,0.991763,ASCUS,0.97369057,71.237083,375.098694,261.493958,529.384216
46776_19383,ASCUS,0.941713,ASCUS,0.9994522,233.908905,68.624031,351.940155,213.400757
47384_26071,ASCUS,0.956180,ASCUS,0.99943525,164.828064,109.037582,308.563293,205.147964
47384_26071,ASCUS,0.856897,ASCUS,0.99795866,224.567429,326.346680,304.627136,608.000000
47384_26071,ASCUS,0.503556,ASCUS,0.99952745,430.557129,135.991531,539.750610,308.596680
45560_32151,ASCUS,0.007609,HSIL,0.9999466,512.282593,394.944031,603.624268,462.689819
49208_18167,ASCUS,0.087290,ASCUS,0.9974559,478.524536,538.423645,605.405762,606.212830
41304_33975,ASCUS,0.005298,ASCUS,0.9915916,267.477600,87.623322,552.671326,312.829620
31576_19991,ASCUS,0.281999,ASCUS,0.99956447,54.963882,43.020569,563.806458,359.678925
31576_19991,ASCUS,0.074595,ASCUS,0.9999924,133.872925,79.618065,399.162415,320.970123
24888_45527,ASCUS,0.019618,ASCUS,0.9996505,349.038513,77.250443,529.552856,323.110596
10904_20599,ASCUS,0.134366,ASCUS,0.9377208,275.887695,353.882080,484.505493,471.913452
10904_20599,ASCUS,0.117210,ASCUS,0.9999943,9.948082,1.000000,197.784851,248.600739
29144_50999,ASCUS,0.008412,ASCUS,0.68796974,380.736938,170.719269,478.289551,272.209808
29144_50999,ASCUS,0.016499,ASCUS,0.99943465,401.292542,228.190323,456.111938,276.605957
29144_50999,ASCUS,0.159677,ASCUS,0.9998636,315.234589,158.715149,382.529510,223.458496
27928_16951,ASCUS,0.996800,ASCUS,0.9956055,71.467751,188.473511,264.005096,433.640381
27928_16951,ASCUS,0.073580,ASCUS,0.96840537,64.606194,360.162384,218.139069,513.896973
5432_34583,ASCUS,0.136677,ASCUS,0.91924924,23.687325,4.654785,225.397156,103.371719
30968_9047,ASCUS,0.938954,ASCUS,0.99734664,130.380814,204.259415,471.847839,585.595825
30968_9047,ASCUS,0.145251,ASCUS,0.82769763,435.521606,78.083107,608.000000,222.470367
26104_6007,ASCUS,0.028414,ASCUS,0.6376294,390.722473,155.198059,485.944580,203.197327
15160_49175,ASCUS,0.915689,ASCUS,0.99996614,337.862122,103.904915,439.043640,290.744629
44952_17559,ASCUS,0.093654,ASCUS,0.99802905,100.626923,474.934937,357.552277,576.504883
44952_17559,ASCUS,0.024065,ASCUS,0.99978954,287.278595,27.212807,464.905304,252.626282
12728_25463,ASCUS,0.979990,ASCUS,0.9809492,307.360931,293.242737,453.724335,468.084900
21240_51607,ASCUS,0.953647,ASCUS,0.9984425,82.359917,89.338913,201.904053,241.017990
47992_15127,ASCUS,0.555049,ASCUS,0.91836977,466.132782,68.455750,607.007263,306.686035
31576_24247,ASCUS,0.785017,ASCUS,0.99754757,329.306305,210.366058,465.846710,392.211884
31576_24247,ASCUS,0.995681,ASCUS,0.9976042,429.564819,271.893707,540.433350,443.564972
31576_24247,ASCUS,0.282504,ASCUS,0.99899167,64.570625,98.683823,248.456604,262.738403
18200_32759,ASCUS,0.495920,ASCUS,0.99833626,225.258453,57.998901,298.624298,127.590088
47992_43703,ASCUS,0.965572,ASCUS,0.85895616,328.205170,99.560310,512.010620,245.364014
25496_16343,ASCUS,0.987631,ASCUS,0.9013605,281.267700,54.936012,431.630920,195.323212
25496_16343,ASCUS,0.174903,ASCUS,0.9931324,355.746979,416.234314,455.549774,553.242249
9688_21815,ASCUS,0.167646,ASCUS,0.4141151,238.097061,350.374268,411.360107,489.561890
20024_50999,ASCUS,0.318160,ASCUS,0.98986673,348.529877,424.263519,526.632935,563.357117
44344_9655,ASCUS,0.834880,ASCUS,0.92667955,51.876968,334.331207,371.672974,548.143616
44344_9655,ASCUS,0.006590,LSIL,0.9915051,105.313560,227.671967,307.603302,608.000000
49208_32151,ASCUS,0.935834,ASCUS,0.998589,324.355621,448.645386,469.605988,604.500977
51640_33975,ASCUS,0.613268,ASCUS,0.88853043,346.360901,297.496582,451.290405,465.372803
51640_33975,ASCUS,0.728016,ASCUS,0.9987494,179.048828,134.068848,308.912872,274.541351
51640_33975,LSIL,0.642929,LSIL,0.999778,344.822937,278.722260,463.667236,495.515778
20024_7831,ASCUS,0.251202,ASCUS,0.9803852,116.814781,186.877747,308.380493,333.447571
15768_42487,ASCUS,0.964672,ASCUS,0.9999018,299.034698,68.667641,418.187286,295.442535
15768_42487,ASCUS,0.262402,ASCUS,0.88013417,305.878571,291.044220,607.456421,526.890991
30968_19991,ASCUS,0.818826,ASCUS,0.99574924,417.660217,200.192719,598.964661,321.715240
21848_23639,ASCUS,0.105513,ASCUS,0.9999354,313.254395,252.743698,446.117920,383.606934
40088_12695,ASCUS,0.179640,ASCUS,0.7828534,353.847382,234.479050,495.654083,518.716858
46776_18775,ASCUS,0.711321,ASCUS,0.9663449,385.234009,268.831818,472.185059,461.630585
53464_30935,ASCUS,0.864853,ASCUS,0.9984567,106.795135,509.555023,352.490967,606.507507
44344_27287,ASCUS,0.280695,ASCUS,0.9986909,152.578781,56.125313,238.144485,257.314789
44344_27287,ASCUS,0.080714,ASCUS,0.9998691,216.603210,8.702492,319.996826,160.616852
25496_16951,ASCUS,0.760363,ASCUS,0.9139471,141.542358,70.017906,269.938324,289.989319
21848_44919,ASCUS,0.990951,ASCUS,0.9685429,38.376526,412.636322,211.527710,574.306152
16376_35191,ASCUS,0.800774,ASCUS,0.9922895,164.630539,379.654663,278.776001,478.350830
16376_35191,ASCUS,0.499486,ASCUS,0.9994099,370.722473,412.437653,550.039490,574.273560
16376_35191,ASCUS,0.671755,ASCUS,0.999154,421.982574,4.415089,580.031372,68.890793
26712_19383,ASCUS,0.918137,ASCUS,0.9982627,93.499619,1.000000,433.267822,185.591049
16984_26071,ASCUS,0.675749,ASCUS,0.99858403,280.501953,224.492493,430.969116,363.389221
16984_26071,ASCUS,0.802856,ASCUS,0.9999778,355.271362,366.401001,453.177856,508.311707
23064_18775,ASCUS,0.432281,ASCUS,0.9996158,311.477722,195.913940,481.192932,374.742920
23064_18775,ASCUS,0.083970,ASCUS,0.99978346,246.712143,8.204655,483.636475,114.165024
35832_7223,ASCUS,0.036106,ASCUS,0.9969807,498.710480,253.525238,605.520996,560.918701
30360_8439,ASCUS,0.425678,ASCUS,0.99408543,164.107666,393.293152,401.710938,608.000000
30360_8439,ASCUS,0.957175,ASCUS,0.99999356,417.248291,319.251740,600.788086,474.502899
38872_9047,ASCUS,0.960748,ASCUS,0.99968755,382.239441,264.396362,541.354980,431.169617
38872_9047,ASCUS,0.264251,ASCUS,1.0,94.471283,1.000000,315.368256,154.755951
24888_27287,ASCUS,0.820150,ASCUS,0.9992525,365.407745,115.919815,556.664917,248.642258
13944_31543,ASCUS,0.989314,ASCUS,0.99987507,8.311958,19.394882,147.025208,213.004623
13944_31543,ASCUS,0.311007,ASCUS,0.9997557,429.815857,228.616730,537.275757,403.419891
7864_18775,ASCUS,0.715708,ASCUS,0.9870662,414.641693,30.978645,527.854126,246.693237
21848_21207,ASCUS,0.057578,ASCUS,0.79501265,184.465698,77.124130,288.980682,187.175034
35832_51607,ASCUS,0.728323,ASCUS,0.99704534,152.224243,109.528542,303.832520,283.457031
35832_51607,ASCUS,0.143644,ASCUS,0.996899,114.464584,222.794128,246.385513,362.933228
35832_51607,ASCUS,0.112556,ASCUS,0.98702985,418.819458,16.521915,535.994690,137.647308
48600_18775,ASCUS,0.260662,ASCUS,0.956103,15.575790,1.000000,161.774612,288.952698
48600_18775,ASCUS,0.039554,ASCUS,0.99578685,230.311584,29.524345,427.150635,244.930603
23672_17559,ASCUS,0.989078,ASCUS,0.99868137,350.407654,477.322235,491.186646,557.729736
20024_30935,ASCUS,0.018151,ASCUS,0.99100316,383.636871,493.711731,429.308624,554.882019
20024_46743,ASCUS,0.542073,ASCUS,0.9996008,271.237061,155.144073,409.127197,270.682617
43736_19383,ASCUS,0.052171,ASCUS,0.9935417,538.748413,195.298859,607.377319,360.091522
43736_19383,ASCUS,0.996162,ASCUS,0.70940125,1.000000,246.093170,221.234512,538.063843
31576_29111,ASCUS,0.898711,ASCUS,0.9980123,348.646729,413.572632,477.516479,525.846680
31576_29111,ASCUS,0.880546,ASCUS,0.97119135,297.186676,266.172485,416.948273,383.974915
31576_29111,ASCUS,0.413591,ASCUS,0.93059796,218.741013,264.407043,335.455505,369.257202
31576_29111,ASCUS,0.025166,ASCUS,0.9408127,20.320896,327.652496,147.248734,448.814423
31576_29111,ASCUS,0.998933,ASCUS,0.79807395,91.188347,425.125000,223.270203,545.337952
31576_29111,ASCUS,0.988402,ASCUS,0.97564256,139.154480,269.051331,238.907593,414.305847
12120_13911,ASCUS,0.573363,ASCUS,0.8418526,181.908569,344.492676,387.571106,497.531982
10904_32151,ASCUS,0.862384,ASCUS,0.9986833,141.170197,1.000000,290.824951,288.123993
10904_32151,ASCUS,0.087377,ASCUS,0.8773362,93.766327,301.282776,373.597870,447.751892
6648_30327,ASCUS,0.010892,ASCUS,0.8238883,4.403854,386.069702,267.322388,590.542175
6648_30327,ASCUS,0.157743,ASCUS,0.7525993,2.709705,78.506294,57.467880,188.346069
6648_30327,ASCUS,0.259833,ASCUS,0.9432764,23.962715,151.067398,162.038910,323.304077
6648_30327,ASCUS,0.302409,ASCUS,0.99992085,461.716125,299.505615,589.036560,398.571228
6648_30327,ASCUS,0.189950,ASCUS,0.99998903,372.363556,279.626099,483.523956,420.014954
18808_40663,ASCUS,0.325690,ASCUS,0.5019028,218.651596,36.206902,500.112122,275.853271
22456_12695,ASCUS,0.069420,ASCUS,0.99929714,542.669739,158.831711,604.835266,223.736588
25496_38839,ASCUS,0.624891,ASCUS,0.8372664,285.780945,32.367737,427.837646,201.133575
17592_13911,ASCUS,0.355482,ASCUS,0.9998635,97.065231,244.762955,300.852905,510.472046
17592_13911,ASCUS,0.264483,ASCUS,0.9996793,85.102066,392.473175,197.951706,496.787567
54072_27287,ASCUS,0.358510,ASCUS,0.998669,12.878437,225.869217,140.808334,376.166687
34616_54039,LSIL,0.333842,LSIL,0.9907169,5.435326,37.620964,195.447876,276.061768
51032_18167,ASCUS,0.011851,ASCUS,0.9988324,1.000000,269.823395,123.763229,380.602325
51032_18167,ASCUS,0.848721,ASCUS,0.985778,412.961823,92.708725,570.644775,316.290955
51032_18167,ASCUS,0.121404,ASCUS,0.9990264,297.581726,340.565613,584.088806,604.264709
29752_27287,ASCUS,0.890494,ASCUS,0.9995369,282.141022,178.997314,417.643646,344.279297
21848_33975,ASCUS,0.191121,ASCUS,0.99991,5.418728,428.697418,114.112320,588.081360
23672_46743,ASCUS,0.808306,ASCUS,0.99181765,299.484711,77.164375,493.024506,204.925476
44952_38231,ASCUS,0.843992,ASCUS,0.97239,1.000000,212.312988,154.068832,507.500977
30968_37015,ASCUS,0.062533,ASCUS,0.9980901,148.284164,482.534546,261.409607,598.809326
43736_25463,ASCUS,0.929972,ASCUS,0.9906985,168.028152,244.162872,242.168991,375.160492
18200_9047,ASCUS,0.723450,ASCUS,0.9999716,285.924255,503.514893,427.936523,598.052856
18200_9047,ASCUS,0.282163,ASCUS,0.99756217,544.096436,388.615875,602.193726,470.715790
36440_47351,ASCUS,0.901409,ASCUS,0.97540635,241.944016,283.390350,440.886169,428.948090
38264_13911,ASCUS,0.237855,ASCUS,0.80948055,36.756561,165.003403,212.876892,278.732849
39480_23031,ASCUS,0.078051,ASCUS,0.75932556,410.635406,46.287910,524.056458,202.446777
16376_13303,ASCUS,0.508678,ASCUS,0.9725983,1.000000,346.673828,162.216217,596.739502
16376_13303,ASCUS,0.971480,ASCUS,0.99994254,349.228516,438.350494,538.991821,592.795471
16376_13303,ASCUS,0.410282,ASCUS,0.88758487,219.010468,103.089417,398.596161,226.087524
33400_43703,ASCUS,0.278863,ASCUS,0.967862,288.431213,54.054115,360.255432,227.384064
23672_9047,ASCUS,0.422609,ASCUS,0.9982843,5.443893,12.090942,82.584122,126.929489
23672_9047,ASCUS,0.981038,ASCUS,0.9901522,265.908691,272.506470,447.936951,442.193665
23672_9047,ASCUS,0.561011,ASCUS,0.677758,389.844482,254.468414,530.798767,427.959381
8472_33975,ASCUS,0.010682,ASCUS,0.83676344,345.069519,1.452969,497.443604,103.818573
32792_46135,ASCUS,0.451857,ASCUS,0.9999784,256.917328,208.906342,441.325958,328.065094
29144_35191,ASCUS,0.016779,ASCUS,0.9926519,458.080170,29.528004,577.559753,104.539795
47384_12087,ASCUS,0.829695,ASCUS,0.9954287,86.425461,443.323914,413.613403,600.629700
20024_24247,ASCUS,0.998727,ASCUS,0.9999745,477.944000,172.938568,605.321167,303.445892
20024_24247,ASCUS,0.058591,ASCUS,0.9910874,3.649963,34.474632,331.582977,210.996307
10904_26071,ASCUS,0.902484,ASCUS,0.71841735,264.809113,246.548065,355.881561,420.420929
27320_33367,ASCUS,0.914957,ASCUS,0.8597218,279.278076,381.545166,448.206604,494.421631
30360_44919,ASCUS,0.013603,ASCUS,0.99920064,23.361412,306.554260,210.915497,472.250366
30360_44919,ASCUS,0.932084,ASCUS,0.9979673,337.221130,211.987152,436.979736,373.528046
21848_7831,ASCUS,0.198198,ASCUS,0.99995697,133.874969,324.694458,246.748260,439.927490
15768_11479,ASCUS,0.397056,ASCUS,0.9999608,84.580772,325.457733,214.313477,435.986542
51640_37015,ASCUS,0.228092,ASCUS,0.9250824,190.171387,133.765381,313.058838,366.750214
51640_37015,ASCUS,0.102114,ASCUS,0.99926215,373.779907,211.394989,515.928528,292.835602
51640_37015,ASCUS,0.075160,ASCUS,0.98909515,284.342560,162.758759,365.456390,311.481689
36440_24855,ASCUS,0.378869,ASCUS,0.55426407,177.174286,181.404236,376.236298,341.800903
36440_24855,LSIL,0.565768,LSIL,0.7093728,171.352386,187.209534,381.976654,348.349792
44344_47959,ASCUS,0.994672,ASCUS,0.9959863,232.086823,20.360474,432.822052,588.956421
44344_47959,ASCUS,0.898914,ASCUS,0.99461776,184.479431,1.000000,477.360657,608.000000
44344_47959,ASCUS,0.140941,ASCUS,0.6657367,95.786591,53.080475,533.894653,572.874756
13336_25463,ASCUS,0.879500,ASCUS,0.9994499,58.023312,309.297882,159.764069,469.199493
13336_25463,ASCUS,0.266532,ASCUS,0.9999994,308.154694,307.763794,387.182709,437.142395
26104_7831,ASCUS,0.045082,ASCUS,0.9689512,391.348877,352.057495,498.427368,505.415649
42520_46743,ASCUS,0.666205,ASCUS,0.99943703,462.339874,316.310699,606.589111,600.086548
42520_46743,ASCUS,0.027300,ASCUS,0.9999739,523.814880,134.029831,606.243835,244.757553
27320_35799,ASCUS,0.995338,ASCUS,0.99976665,19.630890,100.155525,163.993286,182.083954
27320_35799,ASCUS,0.193747,ASCUS,0.95348483,1.000000,329.294403,211.147552,522.363525
30968_46743,ASCUS,0.008470,ASCUS,0.977462,209.780350,152.506729,407.702332,274.726562
16984_50391,ASCUS,0.157057,ASCUS,0.99969494,44.791206,44.768021,288.261871,294.917786
40088_9047,ASCUS,0.969568,ASCUS,0.99997616,427.308777,199.410614,525.657776,354.358429
40088_9047,ASCUS,0.063508,ASCUS,0.9997063,443.580811,506.665985,557.718567,606.806641
16376_12087,ASCUS,0.960662,ASCUS,0.7197141,140.184830,469.417908,299.848267,598.485901
14552_21815,ASCUS,0.121697,ASCUS,0.96423197,161.816589,452.720337,341.454010,596.781860
13336_29719,ASCUS,0.095170,ASCUS,0.99987006,1.000000,141.781647,89.481453,254.284027
13336_29719,ASCUS,0.942258,ASCUS,0.9576196,119.994453,369.615265,286.195374,605.874023
13336_29719,ASCUS,0.844683,ASCUS,0.9992248,308.091309,31.198559,435.379578,159.022415
6648_38231,ASCUS,0.485679,ASCUS,0.98529816,461.430084,160.982758,605.280090,344.146912
6648_38231,ASCUS,0.295291,ASCUS,0.98992133,101.193161,253.104034,298.104553,471.322052
6648_38231,ASCUS,0.060079,ASCUS,0.9795877,57.949638,1.000000,177.476257,56.356262
19416_26679,ASCUS,0.400232,ASCUS,0.9970772,451.565094,279.422943,566.857605,418.846039
19416_26679,ASCUS,0.928775,ASCUS,0.98875403,379.109253,395.017181,510.769958,495.498627
19416_26679,ASCUS,0.838043,ASCUS,0.9458876,504.739075,388.619934,606.314514,533.231689
43736_23639,ASCUS,0.932993,ASCUS,0.999818,89.905830,510.102325,303.122284,604.276001
31576_23031,ASCUS,0.063934,ASCUS,0.9866512,475.901001,1.000000,573.590454,62.550026
6040_29111,ASCUS,0.026473,ASCUS,0.99988914,105.102753,290.678925,323.629883,491.719513
37048_38839,ASCUS,0.067223,ASCUS,0.9987165,535.287170,504.486786,608.000000,591.353455
37048_38839,LSIL,0.277833,LSIL,0.9999888,110.743301,100.661583,300.288696,266.230560
19416_49783,ASCUS,0.955062,ASCUS,0.990502,240.538849,295.638306,441.902252,401.197876
3000_50391,LSIL,0.067926,LSIL,0.9788865,74.467491,12.955734,159.529663,173.035049
26712_37623,ASCUS,0.410226,ASCUS,0.7701259,60.184410,184.883789,222.835144,322.018768
26712_37623,ASCUS,0.080180,ASCUS,0.9956541,162.660370,266.728180,279.526001,352.201874
31576_17559,ASCUS,0.998418,ASCUS,0.99982435,335.933655,392.437683,568.611938,592.571228
31576_17559,HSIL,0.962206,HSIL,0.9899058,167.359467,291.959167,275.652161,343.710205
30968_23639,ASCUS,0.994153,ASCUS,0.9851362,341.484375,327.139343,602.722229,524.083801
30968_23639,ASCUS,0.997147,ASCUS,0.99999344,44.131042,381.365295,220.401917,444.060059
22456_29719,ASCUS,0.521169,ASCUS,0.5446076,279.236755,349.483643,542.040588,597.976990
41912_23639,ASCUS,0.532498,ASCUS,0.9866377,295.904266,185.088470,465.452179,367.509979
52856_30327,ASCUS,0.799414,ASCUS,0.99986327,167.763077,113.580696,355.518066,322.097229
52856_30327,ASCUS,0.919548,ASCUS,0.99960285,491.397278,369.380585,604.769958,472.106781
52856_30327,ASCUS,0.913816,ASCUS,0.71126854,538.578369,450.510101,608.000000,550.013550
29752_49175,ASCUS,0.958115,ASCUS,0.9914874,162.936646,156.814133,327.733154,300.813721
28536_30327,ASCUS,0.020628,ASCUS,0.9881975,5.980316,377.499573,146.380615,605.096680
28536_30327,ASCUS,0.953546,ASCUS,0.99820507,291.931335,143.968246,403.015808,263.389801
28536_30327,ASCUS,0.746144,ASCUS,0.99466515,369.091583,229.345688,453.596039,312.505798
46776_23639,ASCUS,0.428819,ASCUS,0.822795,461.398895,193.708221,603.139587,345.298004
46776_23639,ASCUS,0.077012,ASCUS,0.98013675,491.189362,399.252228,607.824707,508.707306
25496_43703,ASCUS,0.825760,ASCUS,0.7544099,287.510620,387.808563,426.606567,566.857239
20024_16951,ASCUS,0.175663,ASCUS,0.9831648,381.493958,351.379547,490.817139,506.913239
44344_38231,ASCUS,0.088270,ASCUS,0.78794944,313.569397,347.691315,449.224304,463.435638
41304_17559,ASCUS,0.827612,ASCUS,0.99899787,360.467194,67.332390,482.299408,295.540161
42520_29719,ASCUS,0.241784,ASCUS,0.74202526,258.651855,340.419952,529.235413,511.865082
37656_42487,ASCUS,0.961405,ASCUS,0.76949024,226.524384,230.294952,360.206635,341.636871
17592_26679,ASCUS,0.967445,ASCUS,0.97475725,119.616028,186.330688,289.339081,351.658386
17592_26679,ASCUS,0.187513,ASCUS,0.99998915,436.250366,83.248085,520.012512,181.146545
6648_24855,ASCUS,0.896280,ASCUS,0.5148453,205.592514,292.224579,417.991699,525.056030
15768_20599,ASCUS,0.297273,ASCUS,0.66830266,280.621002,444.907715,497.647552,606.003174
26712_22423,ASCUS,0.059200,ASCUS,0.9930206,468.457123,344.943298,576.048706,608.000000
29752_6615,ASCUS,0.211561,ASCUS,0.99081016,152.815613,199.980865,224.458923,269.328796
17592_25463,ASCUS,0.941418,ASCUS,0.92501605,67.775421,419.200684,397.948425,597.358521
17592_25463,ASCUS,0.998945,ASCUS,0.99988365,333.813293,102.396660,505.442993,288.501099
12728_28503,ASCUS,0.992608,ASCUS,0.9940408,1.000000,1.000000,171.751358,243.774384
12728_28503,ASCUS,0.084503,ASCUS,0.9999286,80.480026,395.978088,232.667831,557.135803
12728_28503,ASCUS,0.076230,ASCUS,0.4731143,337.827576,144.978485,489.571777,250.281616
43736_13911,ASCUS,0.143641,ASCUS,0.9981415,1.000000,297.863739,190.454468,551.266846
43736_13911,ASCUS,0.998967,ASCUS,0.99983966,306.004639,228.006256,437.505005,387.856903
46168_17559,ASCUS,0.222154,ASCUS,0.9783997,414.877991,111.969971,553.120361,281.870636
46168_17559,ASCUS,0.440915,ASCUS,0.999556,254.227081,493.204346,443.142914,604.675781
30360_26679,ASCUS,0.640199,ASCUS,0.9964838,76.079056,32.380646,236.385849,171.379395
30360_26679,ASCUS,0.172949,ASCUS,0.99979264,193.734833,46.200142,294.646454,219.737000
13944_9655,ASCUS,0.254768,ASCUS,0.99936324,272.901337,453.080811,376.603668,608.000000
13944_9655,ASCUS,0.132074,ASCUS,0.9998871,65.741600,520.770142,199.354523,606.553345
39480_15735,ASCUS,0.054482,ASCUS,0.56215847,11.487663,408.981964,80.816650,496.425201
41912_14519,ASCUS,0.999365,ASCUS,0.9969693,109.146561,386.185181,221.271286,499.776001
15768_32151,ASCUS,0.991491,ASCUS,0.9952938,291.409607,372.746429,462.251465,599.267700
15768_32151,ASCUS,0.255017,ASCUS,0.9770816,482.746887,22.058876,598.418274,180.012115
28536_18167,ASCUS,0.974824,ASCUS,0.9916046,187.548737,276.715881,319.315674,453.977112
12728_23639,ASCUS,0.127105,ASCUS,0.99987364,217.143768,1.000000,337.596344,89.223740
15160_12695,ASCUS,0.087291,ASCUS,0.9999999,424.257324,149.258545,516.855103,311.405334
9688_44311,ASCUS,0.140135,ASCUS,0.9977441,245.478302,419.135071,388.212311,608.000000
9688_44311,ASCUS,0.226545,ASCUS,0.9810115,218.722412,55.951862,364.974182,176.358856
35224_42487,ASCUS,0.998608,ASCUS,0.9957665,402.964355,313.760590,608.000000,463.393158
35224_42487,LSIL,0.066527,LSIL,0.85849446,4.395958,79.849724,84.583916,218.348175
30360_33975,ASCUS,0.009609,ASCUS,0.9992711,3.139847,247.557755,271.227173,569.961670
31576_7223,ASCUS,0.992993,ASCUS,0.8709407,79.457199,276.281067,482.003906,574.802979
12120_30327,ASCUS,0.912132,ASCUS,0.91330415,219.961212,379.618286,382.542145,575.260071
14552_46743,ASCUS,0.596675,ASCUS,0.9649475,231.168365,127.715981,355.275909,264.887451
24888_43095,ASCUS,0.685162,ASCUS,0.9991105,448.374969,93.461670,608.000000,219.803772
29144_9655,ASCUS,0.982534,ASCUS,0.99923575,132.182861,34.532402,259.883514,167.118866
29144_9655,ASCUS,0.313372,ASCUS,0.99998593,454.014954,409.060516,597.479797,498.269684
37048_22423,ASCUS,0.881060,ASCUS,0.99941945,353.360443,311.321411,454.716339,454.045227
37048_22423,ASCUS,0.675970,ASCUS,0.9987109,414.592224,322.340424,492.804749,454.085419
37048_22423,ASCUS,0.200105,ASCUS,0.99983037,177.766617,194.208618,267.089447,360.301025
35832_17559,ASCUS,0.917235,ASCUS,0.8899246,301.185730,325.001831,462.138000,481.973328
12120_47351,ASCUS,0.921568,ASCUS,0.9991234,268.951935,398.994049,379.182587,553.614868
29752_49783,ASCUS,0.521753,ASCUS,0.7197732,411.443726,169.653656,604.738342,320.359161
44952_37015,ASCUS,0.522035,ASCUS,0.9037774,100.797485,68.458351,293.036804,231.270935
44952_37015,ASCUS,0.573649,ASCUS,0.99428976,290.798309,24.434540,421.554230,146.638031
27320_11479,ASCUS,0.101993,ASCUS,0.99461764,193.315430,10.611183,277.443573,207.251923
20024_34583,ASCUS,0.977303,ASCUS,0.62172467,334.723267,336.665283,604.287842,547.170715
20024_34583,ASCUS,0.934832,ASCUS,0.7164115,88.998306,45.057549,289.833923,220.024872
38872_27287,ASCUS,0.970729,ASCUS,0.68619543,240.496140,92.616188,394.287048,267.411957
40088_33975,ASCUS,0.005978,ASCUS,0.9999404,218.590820,494.054077,367.588440,602.085571
24888_24855,ASCUS,0.955279,ASCUS,0.74736047,140.268829,83.543571,283.011566,295.661987
24888_24855,ASCUS,0.326428,ASCUS,0.84400356,504.151031,540.126892,575.947388,604.307434
40696_25463,ASCUS,0.447711,ASCUS,0.85093707,121.910851,455.968414,335.564270,608.000000
43128_29111,ASCUS,0.955979,ASCUS,0.99990344,26.103897,15.237030,308.274780,512.893311
43128_29111,ASCUS,0.070573,ASCUS,0.99569076,1.000000,138.170639,354.650635,403.368103
29144_24855,ASCUS,0.888463,ASCUS,0.88790137,333.653442,431.640564,507.094360,603.483704
41304_41879,ASCUS,0.759511,ASCUS,0.9925585,3.699196,272.141296,133.719177,459.627808
51640_28503,ASCUS,0.953368,ASCUS,0.91992176,24.416634,139.991638,242.601196,303.019409
37656_31543,ASCUS,0.901436,ASCUS,0.9975948,12.776085,55.955963,190.011871,224.964050
31576_8439,ASCUS,0.952337,ASCUS,0.99977463,58.603928,53.034203,256.852783,211.762085
31576_8439,ASCUS,0.539007,ASCUS,0.99441963,86.574051,293.049347,276.796021,403.045563
31576_8439,ASCUS,0.440420,ASCUS,0.96590334,421.960938,292.191833,597.218689,420.051514
35224_25463,ASCUS,0.573111,ASCUS,0.9972567,341.751831,10.479210,401.018127,208.398926
35224_25463,ASCUS,0.179420,ASCUS,0.9999995,373.591492,255.588455,501.192322,360.154602
23064_10871,ASCUS,0.567896,ASCUS,0.9994223,509.043121,78.303329,603.649597,266.958252
23064_10871,ASCUS,0.420814,ASCUS,0.99572855,63.890343,65.531746,248.555206,218.884003
23064_10871,ASCUS,0.384650,ASCUS,0.9859591,324.180695,310.254944,516.811218,450.548645
23064_10871,ASCUS,0.080827,ASCUS,0.21520704,569.949829,36.154358,608.000000,149.635971
23064_10871,ASCUS,0.074470,ASCUS,0.97882915,498.501251,1.000000,608.000000,320.064728
50424_26679,ASCUS,0.045032,ASCUS,0.9910211,124.893982,431.103210,403.407776,608.000000
50424_26679,ASCUS,0.244176,LSIL,0.99999464,351.810425,37.459244,507.148804,177.953720
26104_24247,ASCUS,0.986508,ASCUS,0.9998964,160.913300,93.051071,329.862640,284.593384
18200_21815,ASCUS,0.786124,ASCUS,0.9922024,381.366058,137.613434,540.587036,301.665009
18200_21815,ASCUS,0.186275,ASCUS,0.8624877,124.346451,186.141724,287.131348,335.710815
18200_21815,ASCUS,0.915710,ASCUS,0.770121,354.445251,270.348572,536.595520,427.779846
20632_31543,ASCUS,0.855333,ASCUS,0.99567115,371.520447,105.325966,563.951721,207.962585
49816_19991,ASCUS,0.951931,ASCUS,0.9843374,61.918694,116.275330,173.594421,262.145996
49816_19991,ASCUS,0.833576,ASCUS,0.99950707,57.312706,32.406338,175.970154,140.268829
6040_20599,ASCUS,0.110027,ASCUS,0.79124343,194.606400,125.738579,342.437866,300.837341
6040_20599,ASCUS,0.992269,ASCUS,0.99740237,100.026711,189.849426,229.718658,379.349792
6040_20599,ASCUS,0.150290,ASCUS,0.8266625,153.087067,157.867981,256.655029,285.341583
6040_20599,ASCUS,0.077111,ASCUS,0.99702066,358.689575,1.359337,499.734497,168.363098
6040_20599,ASCUS,0.005469,LSIL,0.94066536,232.319641,350.401154,458.577942,499.691254
32184_35191,ASCUS,0.514436,ASCUS,0.99886644,132.126862,461.427460,276.315765,571.635742
32184_35191,ASCUS,0.980130,ASCUS,0.99827826,1.000000,186.513016,203.655121,382.430054
51032_35799,ASCUS,0.968953,ASCUS,0.99685055,380.150787,207.162796,540.260010,361.249146
3608_25463,ASCUS,0.051557,ASCUS,0.9966292,539.164185,245.089478,608.000000,340.320862
35224_33975,ASCUS,0.936627,ASCUS,0.9999975,326.321045,339.357788,450.679138,404.492554
23672_27287,ASCUS,0.278683,ASCUS,0.9998759,83.122299,381.184113,185.405258,492.292328
23672_27287,ASCUS,0.695395,ASCUS,0.9847905,114.851799,248.466141,245.584167,417.248108
48600_39447,ASCUS,0.368973,ASCUS,0.61594975,293.018005,29.020500,490.266541,245.553772
48600_39447,ASCUS,0.976322,ASCUS,0.81852067,83.437111,328.811462,263.712952,529.097229
48600_39447,ASCUS,0.090970,ASCUS,0.9977992,183.379028,35.223953,354.738037,199.320618
37048_6615,ASCUS,0.993100,ASCUS,0.9975746,354.911957,128.044098,472.712921,267.640503
37048_6615,ASCUS,0.319888,ASCUS,0.9968828,410.682190,267.632172,494.290527,349.355194
49208_24855,ASCUS,0.014983,ASCUS,0.62034184,307.332275,17.972038,455.609985,187.206085
40696_45527,ASCUS,0.784955,ASCUS,0.99436426,12.832558,128.813263,172.431458,295.076813
40696_45527,ASCUS,0.107340,ASCUS,0.9985567,454.958344,78.203873,608.000000,325.151794
47992_18167,ASCUS,0.064895,ASCUS,0.9922389,104.215881,196.109222,400.107422,431.360504
37048_27895,ASCUS,0.083623,ASCUS,0.99996996,175.006378,402.310760,237.385498,549.833252
44344_49175,LSIL,0.517139,LSIL,0.94005185,216.794418,43.118706,320.376465,224.594727
34008_6007,ASCUS,0.007940,ASCUS,0.99102235,460.404266,368.274780,608.000000,575.834534
34008_6007,ASCUS,0.059757,LSIL,0.96379006,185.023102,1.000000,336.316010,93.387688
15160_37623,ASCUS,0.936595,ASCUS,0.6013479,208.929565,123.487686,388.721130,378.118530
9080_40663,ASCUS,0.112658,ASCUS,0.93216395,350.453369,434.805298,556.237610,552.687622
9080_40663,ASCUS,0.653593,ASCUS,0.98720145,392.953857,192.453369,530.398621,363.950073
38872_21207,ASCUS,0.972506,ASCUS,0.9982834,1.000000,66.056381,284.651306,366.933960
38872_21207,ASCUS,0.713154,ASCUS,0.9790259,145.237778,497.712311,247.685776,603.003418
38872_21207,ASCUS,0.135538,ASCUS,0.97380495,210.730347,536.065979,297.350616,608.000000
15768_28503,ASCUS,0.271033,ASCUS,0.9983015,98.900620,363.680664,437.945435,608.000000
15768_28503,ASCUS,0.228338,ASCUS,0.999708,400.737213,10.987640,507.507050,161.288574
35224_19991,ASCUS,0.143538,ASCUS,0.9537963,518.712891,17.267258,597.739868,200.959824
35224_19991,ASCUS,0.405117,ASCUS,0.99999964,265.419281,381.157410,451.516815,599.993408
35224_19991,ASCUS,0.236608,ASCUS,0.99943024,95.343521,46.475559,187.500992,120.465851
16984_37015,ASCUS,0.043036,ASCUS,0.51225823,139.456024,384.853363,333.356720,536.127502
37048_35191,ASCUS,0.037437,ASCUS,0.9996847,5.150757,5.216248,197.103760,180.077164
37048_35191,ASCUS,0.051439,ASCUS,0.99999094,542.592590,277.154938,607.021912,369.796295
16376_25463,ASCUS,0.782912,ASCUS,0.99982834,1.000000,266.805664,143.265396,495.952515
32184_35799,ASCUS,0.901240,ASCUS,0.9858562,43.409206,224.136230,95.986359,297.606750
37656_33367,ASCUS,0.037821,ASCUS,0.6338851,367.332672,159.053146,608.000000,266.000549
24280_43703,ASCUS,0.990858,ASCUS,0.99987006,402.772278,188.655228,597.481750,395.528259
24280_43703,ASCUS,0.999546,ASCUS,0.9999629,42.201523,347.869019,205.178131,460.223083
21848_26679,ASCUS,0.994282,ASCUS,0.9999989,258.008148,312.521118,372.300446,480.230347
21848_26679,ASCUS,0.129238,ASCUS,0.99791306,133.102783,332.138977,229.142456,477.235901
49208_35191,ASCUS,0.678556,ASCUS,0.7717438,139.940979,324.033875,318.174225,437.264038
49208_35191,ASCUS,0.953250,ASCUS,0.99765366,73.090744,375.244202,272.006409,530.110718
21240_15127,ASCUS,0.492901,ASCUS,0.5326129,264.094635,285.947296,465.854034,412.692230
38264_45527,ASCUS,0.765951,ASCUS,0.99907035,314.304352,248.144104,511.660248,496.103088
38872_27895,ASCUS,0.190927,ASCUS,0.52477145,132.370117,24.707962,270.123383,244.679367
46168_26071,ASCUS,0.031494,ASCUS,0.9999968,114.558945,142.669785,285.831909,389.062378
20632_12695,ASCUS,0.997629,ASCUS,0.998816,157.267410,253.200592,286.176819,381.977020
44952_32151,ASCUS,0.990974,ASCUS,0.99173355,1.616135,293.347198,174.654770,530.718994
23672_25463,ASCUS,0.015835,ASCUS,0.99996567,260.083252,305.546844,405.849365,407.543732
23672_25463,ASCUS,0.976899,ASCUS,0.9999863,40.836342,486.735168,147.221100,608.000000
35224_31543,ASCUS,0.063436,ASCUS,0.9997627,298.750153,218.143494,461.691498,368.104309
6648_33975,ASCUS,0.530778,ASCUS,0.99999416,13.184410,160.300354,141.306488,363.661621
6648_33975,ASCUS,0.091678,ASCUS,0.9999198,511.639648,227.380875,603.235840,357.083740
6040_21207,ASCUS,0.011593,ASCUS,0.98137474,333.346161,239.882385,489.159637,510.920776
6040_21207,ASCUS,0.354693,LSIL,0.88961774,327.681091,135.210022,447.842834,273.016327
25496_36407,ASCUS,0.993713,ASCUS,0.9457558,303.753571,364.891052,442.692535,526.570557
25496_36407,ASCUS,0.135503,ASCUS,0.7633711,193.282364,423.162750,329.034668,529.553223
13336_29111,ASCUS,0.099132,ASCUS,0.5070346,410.552826,501.003540,528.188477,608.000000
13336_29111,ASCUS,0.952256,ASCUS,0.9248822,503.347656,174.442078,607.778564,347.702515
13336_29111,ASCUS,0.398245,ASCUS,0.9313407,71.260239,205.692154,194.693741,313.694092
19416_7831,ASCUS,0.979468,ASCUS,0.99889284,88.612160,294.947968,158.225220,499.500458
34008_27895,ASCUS,0.570752,ASCUS,0.9995907,17.979446,194.805435,165.318237,277.480408
40088_32151,ASCUS,0.545504,ASCUS,0.5045972,372.000000,379.875427,582.454102,542.080505
34616_7223,ASCUS,0.114855,ASCUS,0.9995746,76.419937,335.847931,192.607285,422.722504
35832_43095,ASCUS,0.972087,ASCUS,0.7974838,259.613647,21.920357,421.713013,194.372650
38872_36407,ASCUS,0.051397,ASCUS,0.99969435,460.213531,298.732971,606.856262,397.335510
38872_36407,ASCUS,0.020482,LSIL,0.97202355,184.784760,1.000000,320.178314,76.570129
46776_21815,ASCUS,0.961577,ASCUS,0.9979578,37.621651,128.881516,197.869781,310.827454
30968_35191,ASCUS,0.282658,ASCUS,0.93970126,492.407776,251.745773,606.353821,335.850037
30968_35191,ASCUS,0.891141,ASCUS,0.9979395,368.861511,254.784668,520.693970,394.797607
30968_35191,ASCUS,0.107168,ASCUS,0.91192496,464.577454,325.371552,601.887756,406.383820
30968_35191,ASCUS,0.998851,ASCUS,0.9786725,122.772774,379.120239,267.776520,540.983643
44952_22423,ASCUS,0.014913,ASCUS,0.97045475,503.646942,497.402344,608.000000,601.464722
36440_31543,ASCUS,0.963613,ASCUS,0.99991095,69.664734,123.941574,244.484589,331.721558
36440_31543,ASCUS,0.701838,ASCUS,0.9776258,434.599915,457.630096,566.040771,545.836914
36440_31543,ASCUS,0.079750,ASCUS,0.997538,483.309021,332.831238,580.556946,459.878479
44952_16951,ASCUS,0.027341,ASCUS,0.8819304,491.172485,56.227810,607.911499,146.357483
36440_44919,ASCUS,0.902703,ASCUS,0.9531152,214.176987,295.292328,372.869629,482.560760
26712_30327,ASCUS,0.075994,ASCUS,0.9860345,17.723618,173.657898,385.382935,515.261475
26712_30327,ASCUS,0.260773,ASCUS,0.8503099,321.934570,169.931915,472.224121,319.436157
26712_30327,ASCUS,0.118876,ASCUS,0.9511518,350.664124,312.035492,476.552063,434.716949
46776_36407,ASCUS,0.553427,ASCUS,0.99968743,55.396790,94.629303,341.395630,372.342285
46776_36407,ASCUS,0.165192,ASCUS,0.99998975,457.822052,55.719635,559.759705,114.623886
42520_43703,ASCUS,0.291164,ASCUS,0.72709715,188.838837,1.000000,315.733673,124.717026
42520_43703,ASCUS,0.727635,ASCUS,0.99004376,291.493866,1.000000,501.778229,106.207863
19416_26071,ASCUS,0.906319,ASCUS,0.9988955,248.993073,73.477859,402.698090,178.874390
19416_26071,ASCUS,0.986836,ASCUS,0.9995809,336.910706,444.816376,489.910950,557.705322
19416_26071,ASCUS,0.432548,ASCUS,0.93187815,214.875641,399.126465,321.035919,490.152466
22456_26679,ASCUS,0.677620,ASCUS,0.999925,27.886299,17.653343,237.745239,182.520508
25496_42487,ASCUS,0.315574,ASCUS,0.9933868,129.216705,179.888458,310.995300,340.165619
25496_42487,ASCUS,0.080863,ASCUS,0.99850523,1.000000,123.659836,69.190002,334.966919
23672_47351,ASCUS,0.088451,ASCUS,0.77204233,1.000000,449.123657,218.662140,551.647339
15160_16343,ASCUS,0.783357,ASCUS,0.9997465,148.096054,153.396362,261.483734,270.686127
9688_15127,ASCUS,0.776291,ASCUS,0.97337717,30.376877,30.071381,311.531128,183.648331
49816_24247,ASCUS,0.012089,ASCUS,0.9914356,269.152313,77.948418,459.977325,219.760132
41304_43095,ASCUS,0.949466,ASCUS,0.99289304,210.052261,134.533386,392.148254,324.980682
41304_43095,ASCUS,0.062114,ASCUS,0.9996105,5.572739,1.000000,199.466675,212.137146
31576_40055,ASCUS,0.297924,ASCUS,0.93030524,82.550415,3.980072,410.442719,175.651123
31576_40055,ASCUS,0.455314,ASCUS,0.9920874,98.035172,363.747437,215.294510,495.163330
31576_40055,ASCUS,0.051904,ASCUS,0.91284907,313.388519,319.062744,512.501831,443.256104
19416_39447,ASCUS,0.017696,ASCUS,0.9667153,11.122169,270.794861,143.723083,395.473389
50424_37623,ASCUS,0.311645,ASCUS,0.9760879,1.000000,157.732880,160.243607,316.532440
13336_27287,ASCUS,0.974807,ASCUS,0.9996309,410.299072,187.485748,574.658447,304.916138
13336_27287,ASCUS,0.081245,ASCUS,0.7026666,443.651398,390.772186,590.797241,564.602173
40088_51607,ASCUS,0.712137,ASCUS,0.9938672,135.111237,367.449097,291.589844,522.487793
18200_43703,ASCUS,0.904236,ASCUS,0.8606327,169.452820,63.067841,431.654968,268.791412
18200_43703,LSIL,0.289421,LSIL,0.82389945,196.454651,54.067245,423.455261,258.570740
42520_44311,ASCUS,0.247186,ASCUS,0.98839885,427.541595,163.666733,608.000000,426.595459
23064_31543,ASCUS,0.231698,ASCUS,0.97636664,108.935005,1.000000,359.230133,269.265167
23064_31543,LSIL,0.490924,LSIL,0.8666831,102.872169,432.872253,291.163239,600.702087
49208_33975,ASCUS,0.806332,ASCUS,0.9977137,208.653214,194.203125,394.589966,359.149658
49208_33975,ASCUS,0.568570,ASCUS,0.98609966,37.086983,410.125122,129.517548,608.000000
15160_20599,ASCUS,0.011363,ASCUS,0.94908774,1.000000,99.712509,352.565979,574.568481
34616_23031,ASCUS,0.055398,ASCUS,0.9997303,201.832855,213.759552,539.976562,459.822357
35832_22423,ASCUS,0.016469,ASCUS,0.9937569,360.600250,122.282936,518.886414,373.014648
35832_22423,ASCUS,0.008268,ASCUS,0.99693847,381.040588,206.639496,508.362244,332.288116
35832_22423,ASCUS,0.122440,ASCUS,0.9970636,363.200989,133.003250,494.420227,246.263107
27928_24855,ASCUS,0.028760,LSIL,0.8196068,250.762695,463.428833,448.494385,599.946045
7256_24247,ASCUS,0.072304,ASCUS,0.9923535,128.009125,451.833374,297.706818,597.722168
36440_35799,ASCUS,0.988986,ASCUS,0.99989176,140.859833,144.721893,225.046997,311.381104
16984_37623,ASCUS,0.269100,ASCUS,0.99995995,485.652283,46.198013,608.000000,326.127869
42520_42487,ASCUS,0.993607,ASCUS,0.99999726,125.520805,341.038605,253.538239,482.545807
42520_42487,ASCUS,0.218480,ASCUS,0.99919647,512.613037,459.665009,587.807129,543.844055
3608_34583,ASCUS,0.935183,ASCUS,0.98572415,88.033005,31.918686,459.232910,463.560547
7256_40055,ASCUS,0.978970,ASCUS,0.9993773,438.456207,355.957825,532.497009,550.807007
12120_40663,ASCUS,0.996831,ASCUS,0.99985516,459.597534,362.247437,608.000000,526.395874
12120_40663,ASCUS,0.245795,ASCUS,0.99898,5.743454,47.449570,164.316483,219.284927
12120_40663,ASCUS,0.129604,ASCUS,0.9998878,15.122261,347.543854,139.297974,494.048859
38264_13303,ASCUS,0.141554,ASCUS,0.80636704,192.209106,402.680817,398.539856,605.402954
32184_32151,ASCUS,0.993713,ASCUS,0.9999405,479.310120,196.098663,604.079041,373.818573
32184_32151,ASCUS,0.053684,ASCUS,0.9957385,183.820923,336.014160,290.698944,490.172363
41304_13911,ASCUS,0.005545,ASCUS,0.8524134,1.000000,56.295258,307.676331,495.392731
25496_40663,ASCUS,0.713070,ASCUS,0.9998803,382.048889,428.359467,492.168945,556.348022
25496_40663,ASCUS,0.109988,ASCUS,0.63146704,1.000000,155.598709,140.247650,335.280090
31576_20599,ASCUS,0.477557,ASCUS,0.99952424,401.367645,294.846069,567.859863,451.985718
31576_20599,ASCUS,0.814526,ASCUS,0.999995,267.893433,8.276501,354.201294,101.130997
27928_27895,ASCUS,0.156612,ASCUS,0.99900657,273.115601,153.778137,440.901855,303.971069
27928_27895,ASCUS,0.317752,ASCUS,0.9999033,431.093140,472.309570,538.386292,564.721558
19416_43703,ASCUS,0.820776,ASCUS,0.99546933,471.734924,5.843033,578.388367,163.728287
52248_24247,ASCUS,0.887826,ASCUS,0.9866262,47.730133,288.313416,225.976044,526.624329
52248_24247,ASCUS,0.508519,ASCUS,0.84087217,1.000000,393.000061,139.761200,562.903503
38872_31543,ASCUS,0.798135,ASCUS,0.9991928,343.175598,156.984406,531.476501,315.884613
38872_31543,ASCUS,0.011111,ASCUS,0.9937762,446.702484,263.942505,534.192871,584.902283
40696_49175,ASCUS,0.729459,ASCUS,0.98585147,1.000000,379.115326,185.240662,570.006470
46168_21207,ASCUS,0.158686,ASCUS,0.9858612,238.794495,165.922104,395.117371,358.560486
46168_21207,ASCUS,0.109710,ASCUS,0.9999013,237.712814,1.000000,346.754333,94.162430
20024_12087,ASCUS,0.543274,ASCUS,0.9961265,395.684021,169.105865,497.174988,301.459991
10296_31543,ASCUS,0.994439,ASCUS,0.9999721,1.000000,135.295151,219.672775,427.853516
32792_6615,ASCUS,0.449609,ASCUS,0.9999534,44.231117,243.847153,220.434753,391.003845
7864_15735,ASCUS,0.800309,ASCUS,0.9999038,267.809631,347.305725,520.905396,608.000000
7864_15735,ASCUS,0.615613,ASCUS,0.968453,378.455811,139.960846,525.183594,302.684296
22456_36407,ASCUS,0.972483,ASCUS,0.99958354,117.936058,292.408936,210.699860,469.684448
22456_36407,ASCUS,0.262757,ASCUS,0.9635711,488.965027,278.571350,574.593445,451.367798
37656_30935,ASCUS,0.079086,ASCUS,0.9999709,400.586731,217.297058,505.900513,335.561829
43736_16343,ASCUS,0.885895,ASCUS,0.9918628,338.765106,215.204437,470.962128,403.280914
21240_23639,ASCUS,0.464215,ASCUS,0.9926784,333.737244,397.334900,524.148804,538.850159
16984_41271,ASCUS,0.793754,ASCUS,0.9909786,282.372772,16.278847,447.246063,170.573639
35224_52215,ASCUS,0.689141,ASCUS,0.99979955,357.118774,398.488647,535.606201,538.488892
35224_52215,ASCUS,0.007326,ASCUS,0.9999683,477.479492,226.671097,587.539917,343.433838
41304_29111,ASCUS,0.451021,ASCUS,0.99854004,311.882019,90.793137,528.104065,191.394485
37656_23031,ASCUS,0.023190,ASCUS,0.9874769,1.737234,572.578491,56.341072,606.520874
40696_17559,ASCUS,0.063484,ASCUS,0.9834013,137.394211,549.466431,239.285110,608.000000
28536_19991,ASCUS,0.142082,ASCUS,0.9785792,467.656097,272.880554,534.584351,360.434204
24888_19383,ASCUS,0.992067,ASCUS,0.76033,60.500778,368.204102,206.466721,519.534302
24888_19383,ASCUS,0.969631,ASCUS,0.9978003,113.817268,279.555115,214.823975,418.757324
34616_6615,ASCUS,0.075502,ASCUS,0.77574974,433.469635,168.193085,608.000000,391.272247
34616_6615,ASCUS,0.855212,ASCUS,0.9885492,245.839508,104.671722,451.898407,224.891266
51640_30935,ASCUS,0.905428,ASCUS,0.9999975,1.000000,405.787109,259.165192,603.465393
51640_30935,ASCUS,0.089778,ASCUS,0.99992025,20.135651,334.181458,165.405930,608.000000
49816_43703,ASCUS,0.213569,ASCUS,0.9748614,268.700958,1.000000,477.573700,124.981171
5432_29719,ASCUS,0.362168,ASCUS,0.9918908,226.208038,20.766857,342.891022,115.963547
35832_10263,ASCUS,0.955816,ASCUS,0.84898853,193.953445,179.012390,341.929932,361.588013
43736_42487,ASCUS,0.985853,ASCUS,0.99953985,257.774109,93.233871,473.419983,236.245773
23064_8439,ASCUS,0.901195,ASCUS,0.9914505,212.410355,294.044434,475.700684,586.875671
38264_14519,ASCUS,0.886455,ASCUS,0.9704095,59.019821,151.477585,281.892822,409.169434
13336_33975,ASCUS,0.995144,ASCUS,0.99942255,398.832733,157.409058,524.935120,316.496094
27928_23639,ASCUS,0.050358,ASCUS,0.9979678,28.228487,124.332108,78.451653,206.713028
27928_23639,ASCUS,0.861721,ASCUS,0.9989202,380.995422,352.655823,602.962952,561.841431
17592_14519,ASCUS,0.047060,ASCUS,0.97766876,177.129517,445.115997,360.739929,605.223267
17592_14519,ASCUS,0.983569,ASCUS,0.9348007,487.200256,101.144409,594.970154,277.525146
17592_14519,ASCUS,0.319862,ASCUS,0.99811673,36.028961,534.592773,197.763641,608.000000
18200_29719,ASCUS,0.356104,ASCUS,0.9994905,170.611618,154.108948,303.567078,271.050079
14552_15127,ASCUS,0.852608,ASCUS,0.9971058,209.925003,284.665375,278.148285,352.453705
14552_15127,ASCUS,0.240292,ASCUS,0.971639,90.101677,439.820160,256.650055,594.854492
37656_9047,ASCUS,0.991378,ASCUS,0.91346854,324.039001,277.400726,608.000000,484.896942
46776_25463,ASCUS,0.997620,ASCUS,0.9970227,361.163666,21.783905,608.000000,346.471924
23064_38231,ASCUS,0.119011,ASCUS,0.8830593,440.514374,415.690857,608.000000,554.095642
11512_17559,ASCUS,0.939181,ASCUS,0.99980706,1.864807,228.763184,216.666565,404.927917
37048_19383,ASCUS,0.698842,ASCUS,0.8919856,370.256287,3.371643,537.336670,200.632156
37048_19383,ASCUS,0.248197,ASCUS,0.5400204,43.953522,329.921356,163.184235,551.093079
7864_33975,ASCUS,0.978791,ASCUS,0.99243987,359.132568,127.714584,447.054199,248.428268
22456_37623,ASCUS,0.015597,LSIL,0.79621315,1.000000,466.223785,170.805298,600.514893
7256_24855,ASCUS,0.908643,ASCUS,0.99998796,349.297150,154.971954,447.112457,268.094208
33400_30327,ASCUS,0.999649,ASCUS,0.9963252,364.846191,282.191711,591.404663,416.423218
33400_30327,ASCUS,0.063276,ASCUS,0.9995498,86.664619,241.348267,284.517883,537.682007
30360_28503,ASCUS,0.940737,ASCUS,0.97430736,2.134232,73.682739,324.147522,585.212585
27320_9655,ASCUS,0.877082,ASCUS,0.96518964,485.150330,36.398140,581.303406,134.245758
27320_9655,ASCUS,0.859569,ASCUS,0.9859664,414.542267,167.027222,522.680298,258.887299
27320_9655,ASCUS,0.479987,ASCUS,0.98534447,526.795471,145.778351,602.006897,279.585846
27320_9655,ASCUS,0.410017,ASCUS,0.9907692,416.163696,4.093254,504.486145,102.717407
27320_9655,ASCUS,0.153512,ASCUS,0.9079871,354.589172,47.866142,455.049133,154.195984
27320_9655,ASCUS,0.064136,ASCUS,0.98180985,104.368523,388.583954,240.647797,549.145569
27320_9655,ASCUS,0.060331,ASCUS,0.23322777,569.891968,10.820503,608.000000,127.309944
26712_51607,ASCUS,0.015819,ASCUS,0.9998715,409.735168,16.554016,512.616394,135.939575
7256_18775,ASCUS,0.570069,ASCUS,0.9966804,380.688995,284.478058,590.192993,430.138641
37048_43095,ASCUS,0.201916,ASCUS,0.9999019,448.116669,394.480835,585.993225,512.569336
37656_30327,ASCUS,0.879698,ASCUS,0.9992348,171.045715,9.810989,367.570618,126.045868
51032_21815,ASCUS,0.077021,ASCUS,0.6871166,88.830902,519.643188,209.079407,608.000000
39480_26679,ASCUS,0.817679,ASCUS,0.7833273,320.476196,322.028381,521.420898,471.694885
39480_26679,ASCUS,0.108130,ASCUS,0.9486368,411.557861,28.537117,605.266418,204.647552
19416_16343,ASCUS,0.101564,ASCUS,0.9663824,234.548965,87.499985,399.690430,226.305222
11512_32151,ASCUS,0.582892,ASCUS,0.99983406,193.231049,297.437714,408.974884,399.130890
11512_32151,ASCUS,0.457034,ASCUS,0.99241817,230.720947,366.783295,386.557922,442.653046
21848_25463,ASCUS,0.854901,ASCUS,0.99646616,1.000000,404.196716,314.210266,605.531921
21848_25463,ASCUS,0.709378,ASCUS,0.9986358,115.003586,64.397430,261.174561,203.431915
21848_25463,ASCUS,0.125876,ASCUS,0.996311,6.689194,443.222534,179.921097,590.993408
16984_13911,ASCUS,0.637459,ASCUS,0.9976215,298.562378,336.730682,447.817139,505.915192
16984_13911,ASCUS,0.983566,ASCUS,0.9999682,256.503662,248.055984,391.431396,367.662781
16984_13911,ASCUS,0.188830,ASCUS,0.99266833,265.703186,141.598236,401.164978,254.800964
18808_23031,ASCUS,0.505597,ASCUS,0.99999654,318.422089,57.228462,503.017242,191.256226
18808_23031,ASCUS,0.997699,ASCUS,0.99771035,25.409737,6.597336,276.630249,213.473190
18808_23031,ASCUS,0.290038,ASCUS,0.78147584,10.769218,299.871490,159.887482,494.588531
6040_21815,ASCUS,0.913597,ASCUS,0.9998783,457.012115,168.647278,576.737976,369.791382
6040_21815,ASCUS,0.056045,ASCUS,0.9796652,106.637161,37.900726,205.959152,131.801331
46776_33975,ASCUS,0.145048,ASCUS,0.9915485,85.644485,83.492043,214.122665,197.264984
46776_33975,ASCUS,0.970376,ASCUS,0.9675139,436.790405,64.557861,608.000000,372.260376
9688_30935,ASCUS,0.008293,ASCUS,0.99981207,17.028030,69.170586,168.996704,229.256531
9688_30935,ASCUS,0.904274,ASCUS,0.9995086,288.799744,177.031693,504.583862,280.806885
28536_37623,ASCUS,0.063676,ASCUS,0.99999666,392.800171,177.143753,467.639343,234.539566
51640_36407,ASCUS,0.958719,ASCUS,0.99984205,108.929405,305.766876,221.472015,425.350433
51640_36407,ASCUS,0.998778,ASCUS,0.9392846,45.498482,365.684692,172.014130,458.854126
51640_36407,ASCUS,0.996556,ASCUS,0.9692266,97.234657,436.959442,198.625977,550.494324
51640_36407,ASCUS,0.993940,ASCUS,0.95835054,19.822384,407.221405,116.614700,532.756104
37048_7831,ASCUS,0.131104,ASCUS,0.9935091,125.768692,1.960129,331.356812,87.790817
8472_24247,ASCUS,0.288588,ASCUS,0.95439845,29.673256,146.543213,186.465393,311.993317
8472_24247,ASCUS,0.951079,ASCUS,0.9763558,354.846375,370.386780,567.762085,552.863403
8472_24247,ASCUS,0.594406,ASCUS,0.9769528,286.413116,67.238884,459.412262,199.639374
28536_35799,ASCUS,0.057626,ASCUS,0.90152633,91.756416,129.881805,281.593781,462.356354
28536_50391,ASCUS,0.844653,ASCUS,0.98423564,12.738167,89.626205,187.804108,269.656128
28536_50391,ASCUS,0.835984,ASCUS,0.9330122,414.045135,442.813751,603.005798,605.997192
44344_42487,ASCUS,0.741112,ASCUS,0.9960615,242.316650,396.702972,509.343140,546.826416
43128_24855,ASCUS,0.272559,ASCUS,0.973332,1.728432,208.388763,151.908173,299.845978
6648_23031,ASCUS,0.974866,ASCUS,0.9999709,180.338959,305.662170,450.323761,608.000000
15160_16951,ASCUS,0.958235,ASCUS,0.9999989,35.896378,267.132690,246.520950,446.417542
15160_16951,ASCUS,0.628426,ASCUS,0.92931646,291.320435,411.187225,590.941528,603.320251
21240_38231,ASCUS,0.986788,ASCUS,0.9999969,183.047821,31.855915,374.458405,156.554855
37656_25463,ASCUS,0.324221,ASCUS,0.99855167,15.377193,474.501282,122.874924,573.855530
27320_32759,ASCUS,0.051328,ASCUS,0.9875908,420.753204,275.728394,535.726868,408.292603
7864_25463,ASCUS,0.294299,ASCUS,0.9531045,277.988770,380.533447,567.620056,600.133789
30360_17559,ASCUS,0.363989,ASCUS,0.91708654,178.944550,9.524429,375.505096,112.288506
30360_17559,ASCUS,0.335464,ASCUS,0.9961604,290.769196,453.433990,470.935638,597.004456
15160_44311,ASCUS,0.869901,ASCUS,0.99999726,133.282852,99.812141,259.691467,247.914612
29144_29111,ASCUS,0.013022,ASCUS,0.9990625,30.035027,1.989769,277.433441,242.801361
29144_29111,ASCUS,0.824339,ASCUS,0.88415647,445.603027,105.017227,558.676025,191.769119
45560_44919,ASCUS,0.991143,ASCUS,0.77279437,138.948685,186.996887,334.891846,383.951233
43128_9047,ASCUS,0.008227,LSIL,0.9571367,335.425964,505.234009,555.438660,608.000000
15768_18167,ASCUS,0.442466,ASCUS,0.8240138,197.007111,111.545212,422.335052,322.999207
39480_45527,ASCUS,0.305965,ASCUS,0.9768262,169.475403,231.606232,351.270691,368.812469
39480_45527,ASCUS,0.759001,ASCUS,0.980803,341.597504,296.497894,515.888672,466.654816
47992_21815,ASCUS,0.314735,ASCUS,0.5365346,405.762573,364.543518,603.143250,607.513794
44344_40663,ASCUS,0.995533,ASCUS,0.9999578,9.361206,94.692535,266.845367,405.779907
18808_17559,ASCUS,0.662783,ASCUS,0.9995803,330.637268,383.672546,529.177368,488.403015
12728_15735,ASCUS,0.066783,ASCUS,0.99996996,1.455048,131.451813,88.201584,279.174377
19416_13911,ASCUS,0.956111,ASCUS,0.96772367,45.876720,223.786774,139.388916,344.238312
19416_13911,ASCUS,0.889560,ASCUS,0.9940386,2.409332,200.035507,70.093842,370.826965
44344_17559,ASCUS,0.857526,ASCUS,0.6657655,476.618256,332.224915,601.865601,557.343567
41912_41271,ASCUS,0.912337,ASCUS,0.99981827,174.143524,429.539520,347.032440,570.149902
10904_41879,ASCUS,0.114366,ASCUS,0.99749243,198.121826,216.552399,354.281128,309.095367
10904_41879,ASCUS,0.997528,ASCUS,0.97690785,361.843170,444.730774,481.108002,590.374939
18808_45527,ASCUS,0.982931,ASCUS,0.9876852,106.346054,270.564941,234.156052,549.495728
18808_45527,ASCUS,0.242684,ASCUS,0.94009787,254.652893,436.710144,562.092773,604.849792
10904_47351,ASCUS,0.080741,ASCUS,0.9242127,298.845398,233.643265,582.490173,582.941284
49816_35799,ASCUS,0.070899,ASCUS,0.99162817,231.458511,406.049622,418.556885,580.429382
18808_43095,ASCUS,0.997483,ASCUS,0.9999987,5.652771,501.236176,149.153320,598.829102
34616_9047,ASCUS,0.131853,ASCUS,0.96969056,96.687881,241.443298,246.343918,482.085754
5432_20599,ASCUS,0.886292,ASCUS,0.9998435,243.535843,208.037964,311.181152,295.189911
49816_40663,ASCUS,0.326149,ASCUS,0.9982868,431.754761,323.323303,608.000000,560.375793
47992_24855,ASCUS,0.061550,ASCUS,0.9949067,187.063919,343.421173,381.404785,484.344635
16984_9655,ASCUS,0.481498,ASCUS,0.9999372,397.579529,338.701202,555.671509,437.265717
16984_9655,ASCUS,0.308656,ASCUS,0.9907109,234.299606,295.297302,400.605164,436.318542
34616_25463,ASCUS,0.249500,ASCUS,0.9903709,196.971725,178.001755,371.229919,419.895508
34616_25463,ASCUS,0.023702,ASCUS,0.99738735,106.562630,371.070801,287.640717,534.058167
44344_11479,ASCUS,0.281600,ASCUS,0.98839694,219.445251,269.210114,367.520203,443.141266
49208_41271,ASCUS,0.878642,ASCUS,0.99999344,30.425270,49.534889,159.265015,152.540466
28536_52823,ASCUS,0.056113,ASCUS,0.970666,388.089844,479.624817,567.499390,602.592712
43736_46135,ASCUS,0.726431,ASCUS,0.99737704,344.270233,220.989990,509.698700,442.306641
3608_26679,ASCUS,0.699972,ASCUS,0.96794283,334.979279,39.901459,583.826721,229.505554
3608_26679,ASCUS,0.107288,ASCUS,0.9952596,442.663727,521.107605,542.329102,591.811218
52248_25463,ASCUS,0.207619,ASCUS,0.9963638,8.303764,329.230774,177.002991,481.533875
52248_25463,ASCUS,0.722683,ASCUS,0.9999187,431.293915,76.278587,508.964325,237.914764
37048_15127,ASCUS,0.911057,ASCUS,0.884167,169.209549,61.084755,357.359375,307.345001
14552_23031,ASCUS,0.899650,ASCUS,0.99786085,160.042999,196.616669,379.082977,323.903229
14552_23031,ASCUS,0.030641,ASCUS,0.985796,39.984161,118.207314,162.851791,226.420929
36440_18775,ASCUS,0.139727,ASCUS,0.99973696,168.832764,38.537804,274.623474,132.538818
36440_18775,ASCUS,0.371096,ASCUS,0.9880633,79.718582,146.193741,185.877090,281.206421
36440_18775,ASCUS,0.115803,ASCUS,0.99623495,3.565128,116.936783,87.844437,260.650879
36440_18775,LSIL,0.050216,LSIL,0.70750153,405.616547,35.670990,579.114258,279.300385
35832_25463,ASCUS,0.532647,ASCUS,0.9944922,381.794128,173.424164,505.118652,349.668304
3608_30327,ASCUS,0.738722,ASCUS,0.9998497,179.406525,354.000000,311.308411,502.821045
3608_30327,ASCUS,0.386714,ASCUS,0.99994195,282.186310,4.691639,417.152985,131.521423
7864_17559,ASCUS,0.012811,ASCUS,0.8681055,316.758514,144.531738,461.356842,314.278809
7864_17559,ASCUS,0.484033,ASCUS,0.9875295,254.860901,263.908569,379.429626,385.654541
7864_17559,ASCUS,0.072946,ASCUS,0.99997306,342.149353,72.258301,470.814636,176.445694
27928_54039,ASCUS,0.253995,ASCUS,0.97671175,230.907776,396.420898,385.827637,539.824463
49208_27895,ASCUS,0.993400,ASCUS,0.98172635,30.493881,373.384491,169.120010,545.882568
15160_40663,ASCUS,0.376408,ASCUS,0.99926907,381.058838,2.953705,588.860779,133.819397
17592_30935,ASCUS,0.840288,ASCUS,0.99998486,503.021057,367.925812,598.476501,489.266022
17592_30935,ASCUS,0.984487,ASCUS,0.8282009,456.679321,355.879822,544.722168,488.267944
17592_30935,ASCUS,0.108295,ASCUS,0.99287766,126.906372,196.413177,237.488403,343.214020
24888_35191,ASCUS,0.947803,ASCUS,0.99998975,239.943176,7.117546,443.762085,192.786194
24888_35191,ASCUS,0.099043,ASCUS,0.98868716,455.137878,9.070831,608.000000,267.933105
19416_36407,ASCUS,0.083313,ASCUS,0.9999726,99.223564,137.419342,194.486450,254.230957
19416_36407,ASCUS,0.854040,ASCUS,0.9999931,436.433929,178.052536,516.382080,296.951111
13336_18775,ASCUS,0.884439,ASCUS,0.9999541,313.113831,359.369232,477.789856,582.893433
13336_18775,ASCUS,0.994154,ASCUS,0.99848336,417.095154,51.452766,600.867004,245.099731
13336_18775,ASCUS,0.961599,ASCUS,0.81546557,180.152679,105.930603,312.631134,240.279266
9080_31543,ASCUS,0.434904,ASCUS,0.9932656,469.418304,338.037964,595.515930,470.340881
9080_31543,ASCUS,0.961044,ASCUS,0.9988072,4.449268,105.302811,70.424271,288.465210
19416_32151,ASCUS,0.999885,ASCUS,0.9997186,229.532715,125.214714,386.461548,249.224487
46776_42487,ASCUS,0.010041,LSIL,0.99994075,290.918121,56.614708,461.335968,271.212006
20632_26071,ASCUS,0.266972,ASCUS,0.9998989,293.930420,18.896889,356.876587,185.282715
16984_16951,ASCUS,0.903251,ASCUS,0.9842749,350.692566,223.825867,444.650635,395.869568
16984_16951,ASCUS,0.876541,ASCUS,0.89528143,9.065392,446.560059,113.053871,588.005005
16984_16951,ASCUS,0.065906,ASCUS,0.9981025,481.694946,287.680359,565.381592,366.156616
16984_16951,ASCUS,0.061182,ASCUS,0.9978758,30.706642,556.435486,122.929543,605.441223
16984_16951,ASCUS,0.057806,ASCUS,0.9992113,1.000000,473.520294,185.880676,606.731812
11512_19383,ASCUS,0.998278,ASCUS,0.9994191,251.394638,93.740318,330.566589,202.776703
26712_50999,ASCUS,0.063276,ASCUS,0.999962,506.208099,310.306824,608.000000,420.339661
21240_48567,ASCUS,0.909917,ASCUS,0.9722045,438.068909,435.431976,596.329773,597.095093
21240_48567,ASCUS,0.547202,ASCUS,0.894296,312.927826,72.769913,494.984283,192.135208
24888_32759,ASCUS,0.139775,ASCUS,0.99340713,279.306580,1.000000,386.609131,138.510178
38872_43703,ASCUS,0.969043,ASCUS,0.9996482,123.680222,110.260864,504.012573,388.354126
40088_23031,ASCUS,0.963572,ASCUS,0.993983,356.637909,309.448730,548.984924,482.331238
40088_23031,ASCUS,0.140523,ASCUS,0.7995709,182.937592,178.970520,259.743500,245.532013
40088_23031,ASCUS,0.067990,ASCUS,0.99995136,463.266846,58.937218,608.000000,189.725494
40088_23031,ASCUS,0.051085,ASCUS,0.9993259,213.411606,27.532040,341.758972,127.856857
41304_38231,ASCUS,0.980871,ASCUS,0.98957705,249.949020,421.003448,369.577637,532.736511
43736_33975,ASCUS,0.412148,ASCUS,0.9984219,176.368225,143.402130,283.482849,265.924103
43736_33975,ASCUS,0.866174,ASCUS,0.99999607,394.939606,100.565277,608.000000,367.398529
28536_15735,ASCUS,0.786842,ASCUS,0.9663634,84.081116,201.317230,230.627533,305.488678
13336_13911,ASCUS,0.146923,ASCUS,0.9987729,155.788010,16.660408,225.407913,91.455109
13336_13911,ASCUS,0.156934,ASCUS,0.99855787,1.679337,489.421143,121.314240,607.760986
22456_46135,ASCUS,0.028776,ASCUS,0.99983704,88.952148,186.750916,448.498657,420.015503
22456_46135,ASCUS,0.754637,ASCUS,0.802737,235.050980,87.493591,349.556549,226.137726
44344_43095,ASCUS,0.823360,ASCUS,0.9277682,402.823883,19.628185,554.844604,135.540298
44344_43095,ASCUS,0.284028,ASCUS,0.93689203,151.873138,399.887848,353.859772,554.381958
44344_43095,ASCUS,0.958112,ASCUS,0.99206287,364.955627,189.300476,608.000000,397.655579
37656_49175,ASCUS,0.981313,ASCUS,0.93964905,376.776550,441.279419,543.280823,608.000000
24888_34583,ASCUS,0.961731,ASCUS,0.99975926,283.721588,95.381851,383.056793,283.395203
24888_34583,ASCUS,0.250473,ASCUS,0.99832493,237.937454,430.098541,344.988678,587.895935
37656_13911,ASCUS,0.786045,ASCUS,0.9999845,177.388153,125.470512,298.854645,266.183685
52248_20599,ASCUS,0.011251,ASCUS,0.88498807,278.312256,54.908966,541.941589,377.375946
52248_20599,ASCUS,0.909939,LSIL,0.7173062,110.380981,427.970184,285.015381,572.567383
26104_41879,ASCUS,0.082851,ASCUS,0.9975591,377.084045,330.430603,450.827759,411.484192
15768_26679,ASCUS,0.913247,ASCUS,0.9999622,111.193924,371.664551,265.193909,474.260254
30968_28503,ASCUS,0.988482,ASCUS,0.95003986,428.146271,287.964142,560.225952,475.333649
48600_33975,ASCUS,0.241146,ASCUS,0.7278668,305.488129,197.650818,504.798431,355.136230
30968_54039,ASCUS,0.414794,ASCUS,0.89877176,70.432571,295.421478,361.972839,461.886871
30968_54039,ASCUS,0.069236,ASCUS,0.5754176,18.277027,2.627703,101.925873,54.420921
37656_41879,ASCUS,0.192796,ASCUS,0.77511555,125.518204,479.202026,380.023193,556.174805
17592_23031,ASCUS,0.285915,ASCUS,0.99913436,421.104431,17.215000,487.689514,102.604858
6648_40663,ASCUS,0.174253,ASCUS,0.90789807,20.728664,262.695953,148.677032,355.171539
47384_40055,ASCUS,0.138088,ASCUS,0.98438084,344.067230,168.351379,514.901062,307.578278
42520_13911,ASCUS,0.647126,ASCUS,0.87193394,250.515366,32.847488,373.341400,297.765442
19416_9047,ASCUS,0.699243,ASCUS,0.8049191,26.179619,183.785126,276.321838,535.579468
21848_29719,ASCUS,0.354566,ASCUS,0.9999949,44.070614,354.832855,171.783646,471.445160
4824_21815,ASCUS,0.285435,ASCUS,0.98544705,152.677139,185.242111,354.486023,337.394714
31576_50999,ASCUS,0.405427,ASCUS,0.98905396,14.776024,138.704681,153.477234,253.176544
18808_49783,ASCUS,0.999396,ASCUS,0.99972206,371.249542,125.211693,488.235199,285.440948
44952_16343,ASCUS,0.100355,ASCUS,0.8546524,260.481293,53.444183,397.939728,248.445435
18808_51607,ASCUS,0.478982,ASCUS,0.9973031,432.225311,6.013779,553.260620,147.474930
18808_51607,ASCUS,0.846172,ASCUS,0.8144142,362.652130,457.424835,511.528778,562.185242
45560_40055,ASCUS,0.676144,ASCUS,0.98900735,70.005753,366.869354,268.441589,607.842529
49816_17559,ASCUS,0.694424,ASCUS,0.9996346,183.715210,7.845131,369.639954,114.467384
37656_23639,ASCUS,0.976802,ASCUS,0.9937518,400.651154,143.618835,600.400208,315.812134
37656_23639,ASCUS,0.974644,ASCUS,0.99996305,183.528809,457.158325,372.013794,592.514648
41912_25463,ASCUS,0.110676,ASCUS,0.99996257,529.042969,34.363319,596.736450,181.663818
41912_25463,ASCUS,0.072170,ASCUS,0.8646447,29.978031,36.058578,144.833435,331.481140
21240_39447,ASCUS,0.594429,ASCUS,0.7266192,462.967285,77.095474,608.000000,547.359558
21240_39447,ASCUS,0.576967,ASCUS,0.9993444,1.000000,410.018738,191.867218,558.461792
47384_44919,ASCUS,0.307944,ASCUS,0.9825233,19.865028,443.788086,97.252716,523.832581
6040_38839,ASCUS,0.979312,ASCUS,0.9935952,194.984848,460.497192,454.040039,555.975952
18808_12087,ASCUS,0.999373,ASCUS,0.9999585,231.789917,158.687729,423.055847,427.067871
18808_12087,ASCUS,0.163406,ASCUS,0.9999702,201.620514,230.281952,433.846710,359.560028
5432_28503,ASCUS,0.017339,ASCUS,0.9038676,102.998970,142.937210,269.408112,424.413452
34616_32151,ASCUS,0.814578,ASCUS,0.99313265,264.695709,389.656555,415.591522,533.059021
34616_32151,ASCUS,0.501167,ASCUS,0.9980774,1.000000,249.111725,155.930573,386.665802
7256_30327,ASCUS,0.981269,ASCUS,0.9976131,228.383774,205.329300,493.904602,578.756470
7256_30327,ASCUS,0.057120,ASCUS,0.97976995,283.499512,267.456787,442.423096,545.360229
43736_14519,ASCUS,0.616137,ASCUS,0.9955319,426.220367,1.000000,592.962524,75.931610
43736_14519,ASCUS,0.984522,ASCUS,0.9900439,440.378235,426.635651,591.577332,608.000000
29752_52823,ASCUS,0.941551,ASCUS,0.999992,283.774323,206.350357,460.125702,366.147705
41304_40663,ASCUS,0.839157,ASCUS,0.9720425,401.988251,396.257996,536.392151,508.595276
41304_40663,ASCUS,0.769175,ASCUS,0.590447,430.789886,479.052643,554.435547,588.295044
41304_40663,ASCUS,0.629589,ASCUS,0.97381806,10.219864,170.424957,110.244904,349.990021
41304_40663,ASCUS,0.033817,ASCUS,0.97570467,539.521057,528.912170,608.000000,598.901917
41304_40663,LSIL,0.076940,LSIL,0.88529795,429.892151,483.883057,556.303223,596.809692
31576_16343,ASCUS,0.950641,ASCUS,0.938055,56.483688,166.661041,320.581604,262.383057
17592_31543,ASCUS,0.094927,ASCUS,0.998307,4.203495,186.869843,102.825302,337.201324
20632_20599,ASCUS,0.960999,ASCUS,0.9621881,47.428909,3.079269,326.611328,398.104004
25496_9047,ASCUS,0.972465,ASCUS,0.99973947,411.714661,484.970459,606.129700,596.442749
36440_37623,ASCUS,0.876105,ASCUS,0.94265527,250.057129,360.578918,383.553955,481.022522
36440_37623,ASCUS,0.922423,ASCUS,0.996191,359.459412,69.505486,532.945496,199.551086
38872_26679,ASCUS,0.977417,ASCUS,0.9559529,332.893768,148.424072,448.409760,291.598236
38872_26679,ASCUS,0.981451,ASCUS,0.967672,373.636047,223.779770,499.207703,412.756653
38872_26679,ASCUS,0.998448,ASCUS,0.98994046,2.492950,408.345886,183.808044,544.764709
38872_26679,LSIL,0.262776,LSIL,0.55971336,381.614838,221.591660,503.348785,439.571960
34616_30327,ASCUS,0.048066,ASCUS,0.99903405,154.068848,1.000000,254.905060,92.144592
34616_30327,ASCUS,0.990433,LSIL,0.9263675,117.415344,97.645653,259.645172,295.589661
9688_42487,ASCUS,0.999399,ASCUS,0.9994892,227.960327,243.489136,386.771729,391.138855
37656_33975,ASCUS,0.019585,ASCUS,0.8700133,1.000000,193.235077,176.404266,404.346832
27928_47351,ASCUS,0.970908,ASCUS,1.0,39.852638,1.000000,274.660370,156.554153
19416_34583,ASCUS,0.998379,ASCUS,0.99997663,190.569641,426.744965,394.147949,588.674988
32184_26071,ASCUS,0.070358,ASCUS,0.9999821,369.179871,148.368347,503.293274,262.259552
32184_26071,ASCUS,0.108671,ASCUS,0.9981529,420.289581,20.514465,597.416992,181.196884
5432_23031,ASCUS,0.965106,ASCUS,0.95608354,309.832123,226.172836,483.636932,441.073486
26712_9655,ASCUS,0.994145,ASCUS,0.9633563,64.412071,72.070938,201.663208,244.130875
26712_9655,ASCUS,0.992473,ASCUS,0.98902565,1.000000,12.180046,106.534927,142.597198
26712_9655,ASCUS,0.990109,ASCUS,0.99952424,116.004646,397.631348,324.648529,526.594360
26712_9655,ASCUS,0.113234,ASCUS,0.9992767,363.320953,6.591125,447.262665,113.804825
44952_9655,ASCUS,0.293921,ASCUS,0.99520904,265.393677,553.958923,368.508789,608.000000
19416_41879,ASCUS,0.919438,ASCUS,0.9996251,177.563843,216.042755,476.378052,373.316376
19416_41879,ASCUS,0.990675,ASCUS,0.95353025,234.814545,463.600861,399.773041,604.210266
36440_26071,ASCUS,0.523514,ASCUS,0.62775105,36.944855,25.611740,203.038879,282.138062
36440_26071,ASCUS,0.186552,ASCUS,0.8579795,67.347084,279.847473,230.671570,417.921753
35832_6615,ASCUS,0.448752,ASCUS,0.9970278,74.671318,154.732819,239.551422,335.329437
13944_44919,ASCUS,0.990299,ASCUS,0.99990535,62.550011,200.054062,246.164185,493.695740
22456_34583,ASCUS,0.110880,ASCUS,0.79883164,220.191864,360.894226,365.104950,512.590210
22456_34583,ASCUS,0.088142,ASCUS,0.85168564,277.385345,472.493439,452.245941,608.000000
43128_29719,ASCUS,0.718722,ASCUS,0.99166214,119.844017,288.999634,321.466553,409.689148
43128_29719,ASCUS,0.588325,ASCUS,0.96481544,133.466400,383.322968,309.379578,506.295319
21848_30935,ASCUS,0.007659,ASCUS,0.9977597,296.806915,497.701630,402.158905,598.933777
21848_30935,ASCUS,0.999570,ASCUS,0.7480504,229.005096,127.340401,404.905853,311.909119
24888_21815,ASCUS,0.016662,ASCUS,0.99276114,62.739719,480.082825,186.979218,600.974304
10296_40663,ASCUS,0.313031,ASCUS,0.60079616,68.014153,367.324982,231.043457,521.033630
19416_24247,ASCUS,0.199648,ASCUS,0.97259057,433.859894,262.445129,605.016846,491.720276
19416_24247,ASCUS,0.825838,ASCUS,0.9997625,38.658539,393.712524,299.265747,608.000000
19416_24247,ASCUS,0.998346,ASCUS,0.99889,72.076660,1.000000,360.240295,205.241425
34616_30935,ASCUS,0.983461,ASCUS,0.99736375,197.295578,402.044312,357.006226,552.757446
34616_30935,ASCUS,0.081955,ASCUS,0.9995536,93.798882,23.333298,252.046783,94.619080
29752_36407,ASCUS,0.991700,ASCUS,0.9957449,492.385010,74.179550,569.693970,254.509689
19416_37015,ASCUS,0.019266,ASCUS,0.99612904,318.438385,488.728241,490.535370,608.000000
31576_41879,ASCUS,0.829119,ASCUS,0.99946636,381.068085,358.479431,598.462158,608.000000
15160_19383,ASCUS,0.364523,ASCUS,0.9983911,178.922546,22.794609,263.076233,101.639648
15160_19383,ASCUS,0.390846,ASCUS,0.9850086,170.456451,442.790833,271.634399,605.852478
18200_42487,ASCUS,0.675462,ASCUS,0.9986224,3.148598,160.020142,182.762390,329.335968
18200_42487,ASCUS,0.124396,ASCUS,0.99855536,282.426483,236.390991,384.566986,333.876343
29752_33367,ASCUS,0.978614,ASCUS,0.7094979,382.511353,172.816635,541.240784,350.962280
24888_38231,ASCUS,0.596125,ASCUS,0.9661936,357.823547,48.525627,465.221008,183.270966
38264_15127,ASCUS,0.137878,ASCUS,0.9794459,233.133728,254.340942,387.110107,467.502686
13944_24247,ASCUS,0.119493,ASCUS,0.99904424,355.301300,47.863808,503.022980,135.917023
13944_24247,ASCUS,0.070765,ASCUS,0.99420303,37.433914,552.183472,196.852402,608.000000
37048_30935,ASCUS,0.449702,ASCUS,0.99991655,482.672974,23.179993,600.447632,178.137466
15768_36407,ASCUS,0.258073,ASCUS,0.9670378,415.214783,33.107971,603.364014,167.743622
46168_40663,ASCUS,0.134824,ASCUS,0.98303634,291.667419,47.533855,422.503723,168.554916
25496_54039,ASCUS,0.005418,ASCUS,0.99973756,1.000000,363.109619,25.119949,448.360168
36440_41271,ASCUS,0.485964,ASCUS,0.94888926,352.997620,393.692139,500.481262,608.000000
23672_53431,ASCUS,0.787270,ASCUS,0.76776344,241.331665,320.230621,425.230103,488.815948
10904_46743,ASCUS,0.426607,ASCUS,0.8577956,455.086334,34.916626,608.000000,181.926300
5432_21207,ASCUS,0.188927,ASCUS,0.9993618,399.306519,454.856659,600.917419,579.411133
49208_21207,ASCUS,0.912446,ASCUS,0.8924748,220.564041,135.521851,382.151123,306.913818
28536_12087,ASCUS,0.342801,ASCUS,0.9986879,148.730743,21.744026,294.927277,180.917358
